0,1,2,3,4,5,6,7,8,9,10,11,12,13,14,15,16,17,18,19,20,21,22,23,24,25,26,27,28,29,30,31,32,33,34,35,36,37,38,39,40,41,42,43,44,45,46,47,48,49,50,51,52,53,54,55,56,57,58,59,60,61,62,63,64,65,66,67,68,69,70,71,72,73,74,75,76,77,78,79,80,81,82,83,84,85,86,87,88,89,90,91,92,93,94,95,96,97,98,99,100,101,102,103,104,105,106,107,108,109,110,111,112,113,114,115,116,117,118,119,120,121,122,123,124,125,126,127,128,129,130,131,132,133,134,135,136,137,138,139,140,141,142,143,144,145,146,147,148,149,150,151,152,153,154,155,156,157,158,159,160,161,162,163,164,165,166,167,168,169,170,171
0.9999999,0.30969876,0.066507354,0.14153835,0.41641834,0.1576153,0.4706627,0.1937893,0.26026338,0.10529719,0.19563639,0.19852331,0.31127334,0.024870917,0.105820015,0.33836815,0.07988865,0.11680029,0.24523117,-0.01174682,0.24390739,0.22357994,0.031071063,0.23092297,0.17201822,0.20516047,0.13386114,0.49838877,0.07701284,0.018484266,0.026982663,0.14888014,0.36443245,0.38502026,0.13330682,0.12926224,0.56238335,0.16350064,0.38098547,0.114608824,0.31733707,0.14515993,0.15524386,0.12905744,0.17420353,0.06566597,-0.005906729,-0.029219737,0.1356291,0.06572509,0.30462557,0.2961144,0.3002498,0.083077654,0.25481752,0.105409026,0.08586755,0.1989411,0.06006115,0.14461227,-0.029582597,0.035582647,0.059151523,0.093086675,0.17736146,0.42262045,0.2961248,0.097162604,0.13170661,0.099897295,0.12859222,0.056783326,0.23745742,0.43335718,0.45312452,0.35661823,0.27809107,0.29622376,0.20776658,0.11898086,0.07166557,0.01908084,0.3037135,0.25289935,0.17100126,0.22350472,0.28864533,0.042522684,0.07039622,0.13590583,0.06759762,0.2946305,0.10767077,0.10271663,0.17908186,-0.053807028,0.04133685,0.04293871,-0.029219737,0.041264787,-0.029219737,0.09426668,0.06175696,0.06340487,0.045231912,-0.03752722,0.079217166,0.108553216,0.13470997,0.19705148,0.083513215,0.16165787,0.10613193,0.07705263,0.10791288,0.075079985,0.06108933,0.12508371,0.22071764,0.17491326,0.21758422,0.21408945,0.1537678,0.041793007,0.084547035,0.022313984,0.15404,0.15455756,0.10189372,0.01669536,0.1033839,0.14995839,0.032097436,0.07561597,0.11978303,0.058535125,0.10872513,0.12238523,0.05208111,0.18908659,0.059495695,0.06740373,-0.0070731603,0.024845695,0.1607857,0.09767232,0.07451823,0.07993182,0.29825455,0.14957145,0.078354344,0.15948638,0.10647884,0.08502128,-0.026660968,0.12166308,0.08183399,0.42980707,0.20918667,0.20216696,0.3820091,0.1281851,0.07972416,0.09679139,0.1378524,0.42551768,0.0678501,-0.01660706,0.044242147,0.02373067,0.013701652,0.13164976
0.30969876,0.9999998,0.12110154,0.186766,0.3001737,0.40590864,0.26048672,0.14970866,0.31410268,0.15946218,0.19163845,0.2781297,0.4067766,-0.01162958,0.19777912,0.18856643,0.023880098,0.076166466,0.1565634,0.15238686,0.40437502,0.43162262,0.14789663,0.17171133,0.21566579,0.20654987,0.11246514,0.28049183,0.0877547,0.050884422,0.048090998,0.047701836,0.33852327,0.21337736,0.18744166,0.16615656,0.34118876,0.11832258,0.18033291,0.014801819,0.1808989,0.3036306,0.16508931,0.2867823,0.101879895,0.07609615,-0.015996475,-0.08305883,0.1485048,0.012916084,0.20945989,0.20920223,0.31083548,0.117948174,0.20715111,0.17111066,0.08644663,0.38100138,0.10420336,0.061798453,0.05564082,0.038135428,0.2125425,0.09582387,0.10859255,0.29068333,0.015395386,0.1431419,-0.013018641,0.09040456,0.18906537,-0.0051056966,0.13126293,0.2762734,0.23843455,0.10644915,0.31127587,0.06719868,-0.01713779,0.15756565,0.05226737,0.05706346,0.14433882,0.27825627,0.08130443,0.22662705,0.33541247,0.076352835,0.08941546,0.18640277,0.09199469,0.36667788,0.16908243,0.015780894,0.06117499,-0.014854614,0.049727887,0.05072512,-0.08305883,-0.053406235,-0.08305883,0.053440604,0.02522153,-0.013774921,0.07635012,0.06422634,0.04605271,0.038091607,0.15375185,0.15575722,0.012043061,0.08405906,0.0917466,0.14494073,0.074594945,0.062203348,0.047582656,0.14439845,0.234837,0.19087651,0.1465205,-0.004360495,0.20635343,-0.020254128,0.14154091,0.06249286,0.28583467,0.13196403,0.14354125,0.16525027,0.10236767,-0.058712013,0.16581646,0.054609,0.23612377,0.022945832,0.08919746,0.074064784,0.22577831,0.3397124,0.10263753,0.18464059,0.017489184,-0.03353877,0.058343362,0.16175267,0.21141686,0.014216284,0.005055604,0.06578617,0.12739776,0.062879615,0.26224083,0.23831329,0.20587128,0.17537273,-0.031407364,0.18070209,0.20313159,0.3408506,0.11718161,0.21375442,0.10983224,0.037114263,0.07877189,0.24005195,0.18035795,-0.009515179,0.03958418,0.112920724,0.036755677,0.25741538
0.066507354,0.12110154,0.99999964,0.25639874,0.1404267,0.1256352,0.12959853,0.004858393,0.1475382,0.24529251,0.110177875,0.19572642,0.34643275,0.58088,0.2744888,0.23545104,0.22515199,0.06691301,0.4192643,0.29278275,0.29128474,0.19508381,0.27331528,0.26591346,0.5088506,0.4359563,0.23014092,0.075779386,0.058034185,0.105322175,0.08208604,0.2446907,0.18348001,0.23419198,0.2973844,0.27987078,0.13500707,0.40163517,0.09239822,0.24553579,0.22586527,0.1059277,0.12802456,0.08010144,0.41435027,0.23235404,0.2176533,-0.14251325,0.32377103,0.31333405,0.071322605,0.10678123,0.15636736,0.26447704,0.35730034,0.4531259,0.31998616,0.053851232,0.071065046,0.10620196,0.16020593,0.24221948,0.1774073,0.13094202,0.3594799,0.30232137,0.32136145,0.17262569,0.10237223,0.12747978,0.19253078,0.048569106,0.06523992,0.10453333,0.10306779,0.06170504,-0.0030506738,0.05542553,0.12184841,0.26569682,0.40897283,0.2686656,0.16560675,0.056164287,0.13704029,0.044597734,0.15244041,0.09716919,0.19741201,0.18232155,0.017163586,0.21884206,0.27342987,0.10946188,0.23960024,0.22225262,0.26608008,0.4473882,-0.14251325,0.015599021,-0.14251325,0.054898374,0.25168476,0.23163615,0.1402214,0.20786858,0.3740414,0.28821692,0.27624524,0.2641804,0.34823716,0.20627336,0.27988574,0.42548865,0.24114832,0.064637974,0.08360857,0.20044385,0.084241875,0.043127496,0.3369619,0.14718398,0.27573428,0.15917516,0.27704033,0.13859291,0.2101565,0.017537318,0.13721284,-0.0037206914,0.06599943,0.17586578,0.28158563,-0.0007282663,0.07996661,0.20921364,0.23830256,0.18010774,-0.015199119,0.056441646,0.12110851,0.09132309,0.06299175,0.03895845,0.16645542,0.38646975,0.23764539,0.027516698,0.08984724,0.15844986,0.07729085,0.2426633,0.31239933,0.24395452,0.1514941,0.17802012,0.06830056,0.12745522,0.14853871,0.13422193,0.11856826,0.19904967,0.25042957,0.22082922,0.27272257,0.16003953,0.029066239,0.18095742,0.00112011,0.20657802,0.20629297,0.21066394
0.14153835,0.186766,0.25639874,0.99999994,0.16881284,0.21451591,0.050703667,0.039734386,0.15926394,-0.051258937,0.20464401,0.18334252,0.28101224,0.28685787,0.4063064,0.048330072,0.16883454,0.3019063,0.21105951,0.35314775,0.29058096,0.061405245,0.25566015,0.29269817,0.31505665,0.3814341,0.40720165,0.09869906,0.008622386,0.24519399,0.2935637,0.019172844,0.16388342,0.31346253,0.27795705,0.17600465,0.20267634,0.34203386,0.2957549,0.34242165,0.1291957,0.1627431,0.02045335,0.14018361,0.22429949,0.37122184,0.16914055,0.12572683,0.31002772,0.27927518,0.120454766,0.20627208,0.3166975,0.48529923,0.26518086,0.22359434,0.33112028,0.21556959,0.26055863,0.14350495,0.093527794,0.14694963,0.15844592,0.33182105,0.22140396,0.33731827,0.39443585,0.14564727,0.17329372,0.23205063,0.41697013,0.021282844,0.24423744,0.2899743,0.24285492,0.08072893,0.2747069,0.08613803,0.033715174,0.12492439,0.28134906,0.21709706,0.13414986,0.27325332,0.23012133,0.117575735,0.10572025,0.031741306,0.20580238,0.13472399,0.0607581,0.17159534,0.14167246,0.298853,0.1737264,0.109955184,0.28040782,0.27145064,0.12572683,0.20723513,0.12572683,0.24225587,0.33837074,0.20201015,0.110434055,0.18723157,0.18257605,0.37673432,0.35302302,0.27485928,0.20095432,0.27327728,0.20444283,0.15650631,0.16792251,0.12868777,0.22800381,0.2665944,0.17916268,0.13615835,0.29918844,-0.0069498564,0.20218056,0.2854728,0.31727684,-0.0093366075,0.20424992,-0.013251789,0.021699335,0.029462071,0.15635812,-0.033808265,0.094420664,0.1515764,0.16735335,0.2079672,0.100113146,0.09283657,0.06846526,0.15604869,0.15705135,0.32808188,0.03626675,0.069369234,0.25394437,0.2448188,0.20940806,0.11088716,0.118159495,0.25728357,0.05974412,0.20355134,0.24782072,0.19437945,0.16719061,0.4350317,0.028972417,0.3165736,0.21410325,0.10122904,0.23405604,0.241616,0.12919393,0.13183387,0.25982076,0.25515723,0.27277315,0.04265357,0.0653926,0.12089396,0.13701814,0.1279349
0.41641834,0.3001737,0.1404267,0.16881284,1.0000002,0.16954085,0.13650697,0.08783281,0.24498984,0.108897656,0.36424297,0.10549635,0.32239908,0.12338102,0.07400523,0.23424405,-0.006616762,0.02429646,0.21313356,0.041806757,0.30665815,0.219257,0.075897835,0.17173748,0.05960438,0.062066868,0.0093503,0.3161332,0.15633288,0.010126894,0.03181211,0.093593694,0.23940279,0.13584416,0.110590205,-0.0068217753,0.38465747,0.09558026,0.120024346,0.05915813,0.27536547,0.26544508,0.15543118,0.31420317,0.12210478,-0.0038470589,0.070823476,-0.06844974,0.15165475,0.038766924,0.30364758,0.16226843,0.30296677,0.18385705,0.40160963,0.32937264,0.052362494,0.08704935,0.021095252,0.06094882,-0.023903705,-0.014743604,0.12251952,0.087612614,0.27620628,0.27630836,0.08896551,0.17559607,0.1680221,0.1501854,0.13975796,-0.020616984,0.18691057,0.2771719,0.35417765,0.18697616,0.26577577,0.2500248,0.12134736,0.1770658,0.099069774,0.072773375,0.35577667,0.37349308,0.14551386,0.3687966,0.33269408,0.023365837,0.32964116,0.17636591,0.12022762,0.13396855,0.17932038,0.1467045,0.20310909,0.07364259,0.0688618,0.22279437,-0.06844974,0.024375523,-0.06844974,0.09094814,0.16172543,-0.0049239555,0.14393368,0.16933724,0.11580092,-0.049397103,0.1437145,0.11945553,0.021908492,0.08870713,0.048050493,0.15026313,0.02669484,-0.015460895,0.11183195,0.18644343,0.17039892,0.17646302,0.14401646,0.25219774,0.16531286,0.02247468,0.07588454,0.012862664,0.11275925,0.23513836,0.14942826,0.12920828,0.120071724,0.20479721,0.17077495,0.19402443,0.20809832,0.07604863,0.1769547,0.21899149,0.05635009,0.15543441,0.01838991,0.018331127,0.14012568,-0.020217,0.20666733,0.31263775,0.2701117,-0.070437595,0.21593499,0.17810477,0.1488179,0.15355468,0.14383543,0.17312579,0.19119853,0.11026804,0.065721706,0.33878455,0.34038377,0.22380704,0.3314634,0.29998562,0.0815849,0.04859677,0.12765138,0.31594843,0.017539844,-0.13157564,0.0636387,-0.024281746,-0.06512293,0.18487833
0.1576153,0.40590864,0.1256352,0.21451591,0.16954085,1.0,0.34881496,0.18979256,0.27995723,0.3006416,0.09927979,0.30454862,0.35633287,0.062905826,0.21110629,0.115592435,0.074031666,0.27219933,0.16831395,0.23419496,0.2734282,0.3141721,0.26802155,0.13099416,0.22772315,0.1564179,0.17665067,0.29349262,0.1829161,0.24566849,0.25618652,0.21344957,0.33415636,0.24010104,0.17024425,0.12247398,0.28624046,0.1773485,0.33093974,0.0013637114,0.19299889,0.25034776,0.12722395,0.19388796,0.12269379,0.1782329,-0.0012942068,0.18502033,0.20639932,0.08546423,0.28390318,0.18184257,0.3575692,0.20149893,0.16166522,0.18271711,0.09995479,0.38554564,0.20142128,0.22198479,0.0014907159,0.106275424,0.20858452,0.2818473,0.05423876,0.23784764,0.18854216,0.21462733,0.17486475,0.09492346,0.22798984,0.23328726,0.20902133,0.38764375,0.1641129,0.10382591,0.3175834,0.0561548,0.15263087,0.09899416,0.039880984,0.089095995,0.11336812,0.36931401,0.0984327,0.29498455,0.23936024,0.13378575,0.23215875,0.2097696,0.06378117,0.39503217,0.13821547,0.17408192,0.032746427,0.056298357,0.16105793,0.100005776,0.18502033,0.08865509,0.18502033,0.13924909,0.07607548,0.122812636,-0.0032313815,0.07697644,0.1391907,0.1582947,0.1515279,0.09076138,0.12546279,0.040584717,0.07679195,0.17318335,-0.029577857,0.088549435,0.12989244,0.15797472,0.200383,0.22956741,0.10661578,0.052112278,0.099169485,0.05609155,0.14246666,0.04322876,0.15332346,0.1410155,0.1399513,0.26734182,0.059780344,0.031595822,0.26731297,0.110546455,0.26110256,0.1288027,0.17903693,0.19428505,0.09283351,0.19701895,0.13186188,0.3631959,0.048468202,0.06252775,0.072901666,0.16208245,0.12332695,0.046395607,0.015570033,0.040959556,0.1356522,0.07561125,0.14985178,0.18084472,0.10955089,0.17679627,0.10186232,0.10145847,0.15529864,0.26357663,0.16513929,0.16494036,0.08703151,0.10323811,0.102741614,0.16079685,0.20019946,-0.009833522,-0.058154255,0.16833764,0.091885775,0.15698673
0.4706627,0.26048672,0.12959853,0.050703667,0.13650697,0.34881496,0.99999994,0.3354708,0.31601378,0.28611013,0.14662117,0.4144708,0.26847368,0.03810695,0.11414368,0.14276652,0.038803343,0.12612279,0.17026035,0.06292001,0.35212427,0.44981238,0.27457684,0.042811595,0.105226606,0.13632813,0.14330104,0.5195227,0.18957664,0.091715075,0.061047323,0.11553526,0.32348812,0.37573314,0.122480564,0.046153553,0.34903008,0.28221,0.5812032,0.08626847,0.16304459,0.14487143,0.09625627,0.10335183,0.05971317,0.06762489,-0.033682518,-0.017436381,0.2293679,0.011761968,0.38903487,0.24912587,0.41850632,0.2173106,0.1280066,0.07795648,0.11462414,0.21309578,0.014890825,0.14400153,-0.0051963273,0.057739593,0.05439925,0.062728934,0.04950718,0.3794102,0.29355267,0.19063222,0.09369643,0.014350644,0.11696562,0.050205,0.04383684,0.33047754,0.36133277,0.21546732,0.23215029,0.086928554,0.13671918,0.06742043,-0.010469569,0.09051035,0.1794784,0.17952922,0.12061065,0.2246271,0.23531114,0.15738846,0.07314287,0.22498485,0.03539807,0.31066474,0.086945474,0.056639858,-0.05904655,-0.022419192,0.055474825,0.03974813,-0.017436381,0.024365203,-0.017436381,0.047816467,-0.06372628,0.06308191,0.047232866,-0.048646677,0.09544702,0.1385979,0.10523564,0.060919106,0.07370494,0.0068779546,0.09904185,0.16617954,0.123498194,0.07548585,0.033153307,0.14306934,0.21901566,0.19455548,0.07275113,0.113677725,0.16734323,0.007793678,0.010768027,0.03894037,0.16241199,0.16745028,0.20317546,0.081031166,0.038330335,0.17412314,0.1558641,0.13210846,0.16908863,0.061167568,0.08640444,0.09100141,0.048780035,0.2341305,0.1567108,0.12006961,-0.066953875,0.020873357,0.07027803,0.12777142,0.0931027,0.1357211,0.0857335,0.016846625,0.12458058,0.06041858,0.09478067,0.12658866,0.01412075,0.14024028,0.1635004,0.187042,0.17576396,0.26954955,0.21421367,0.081919685,0.017587863,0.075125836,0.11472003,0.2246262,0.08262797,0.04774197,-0.05365809,0.03941471,0.0372369,0.06558532
0.1937893,0.14970866,0.004858393,0.039734386,0.08783281,0.18979256,0.3354708,1.0,0.24811625,0.15275599,0.15493844,0.1028927,0.15156351,0.019591436,0.009043802,0.0015817462,0.09424997,0.061646905,0.008305401,-0.0012428202,0.13087052,0.12049194,0.040069908,0.07311606,-0.00813156,0.00999767,0.03631437,0.21780883,0.2242041,0.045446992,0.04511607,0.14051813,0.21659979,0.24775904,0.040487558,0.05746323,0.11444625,0.11480519,0.18620549,0.029860338,0.19958492,0.22323929,0.17522633,0.17158233,0.11195179,-0.020805884,-0.025289726,-0.024542164,0.16282897,0.01639894,0.10099196,0.14482129,0.1509343,0.0025302507,0.062331073,0.09730801,0.073675305,0.1793181,0.02628208,0.094367936,0.09691291,0.036476344,0.17025329,0.014330216,0.11545497,0.063781865,0.050162748,0.08821839,0.22606707,0.17825484,-0.024820318,0.14462237,0.045992758,0.22012626,0.1654817,0.15546727,0.12065531,0.12883636,0.13082902,0.1409033,0.047100745,0.090667486,0.16976342,0.09085569,0.24222933,0.11949376,0.12562788,0.28126556,0.18089679,0.14548215,0.031624712,0.13847995,0.07873883,0.25746775,0.073080674,0.108845636,0.05241053,0.034438737,-0.024542164,0.12691385,-0.024542164,0.08418646,0.0604843,0.04957791,0.21132368,0.11616976,0.022150192,0.06361514,-0.021619568,0.101479426,0.06631728,0.05844321,0.021932846,0.15311863,0.119344614,0.19062242,0.13767327,-0.0013941638,0.16217655,0.090907305,-0.0043516224,0.031042947,0.028824452,-0.03458586,-0.036693364,0.08123165,0.049606416,0.27360785,0.17897691,0.21086149,0.14985839,0.07014112,0.0794956,0.05712486,0.17014104,0.022990093,0.21444793,0.18026465,0.09919652,0.1327624,0.04980191,0.14766441,0.09639645,-0.011686193,0.07350809,0.07922122,0.15528443,-0.037505306,0.07571067,0.13353086,0.24349967,0.12882729,0.10910727,0.12662365,0.07455971,0.01206268,0.15989555,0.26068032,0.11086922,0.111976005,0.14485236,0.048400566,0.14766052,0.042032763,0.13356511,0.1070654,0.09292695,-0.05111274,0.012715468,0.06687327,0.016431388,0.1603668
0.26026338,0.31410268,0.1475382,0.15926394,0.24498984,0.27995723,0.31601378,0.24811625,0.9999998,0.32726148,0.44098312,0.36987442,0.41292554,0.029266234,0.17736143,0.20894977,0.013636697,0.22808237,0.18848683,0.19251417,0.52470034,0.33509877,0.3344959,0.1266416,0.21646523,0.19313103,0.14579676,0.23929656,0.1601178,0.060056984,0.072377264,0.22423711,0.43226862,0.29785192,0.20704597,-0.0056732893,0.15087175,0.34850362,0.24309117,0.28578627,0.30478907,0.56094754,0.18552643,0.41169298,0.2673395,0.16342846,0.013721924,-0.10663609,0.29496855,0.017372178,0.33262032,0.36804557,0.38810253,0.1977272,0.24453682,0.10976884,0.17449586,0.23631339,0.22162142,-0.013963757,0.072842896,-0.023792548,0.1181542,0.17027387,0.041239858,0.16970278,0.22553264,0.20837578,-0.04152615,0.061924897,0.14423615,-0.05310097,0.072447546,0.26097757,0.36762524,0.07803477,0.3666681,0.16820242,0.16774854,0.15971117,0.015014174,0.07992646,0.20082913,0.20400156,0.3464738,0.16259,0.38647646,0.097812206,0.30304688,0.13766956,0.20856889,0.2441377,0.2705446,0.099766575,0.14829929,-0.047312133,0.10616186,0.3270085,-0.10663609,0.039325133,-0.10663609,0.12818001,-0.029396726,0.0047882926,-0.024209363,0.02489623,0.05724175,0.13149554,0.188452,0.11191504,0.028584719,0.136972,0.18993354,0.09627924,0.007042978,0.23982482,0.11137042,0.1862879,0.2638822,0.03174844,0.13760722,0.29895496,0.16649348,0.16698664,0.15873528,0.046673212,0.33132184,0.3591008,0.3168789,0.18756789,0.118701234,0.180226,0.2338165,0.19548811,0.15520893,0.0209123,0.25257438,0.20306796,0.059366383,0.1842618,0.1097575,0.14797515,0.054292064,0.015353249,-0.010457815,0.42638054,0.27043873,0.073430754,0.08879383,0.18780826,0.089894086,0.14561635,0.20350048,0.081458166,0.03838111,0.2794334,0.013532504,0.22051798,0.37848848,0.24473557,0.21614088,0.32323357,0.09174259,0.08589649,0.11633308,0.21348345,0.18434173,0.01759164,0.1366495,0.06813021,0.011435362,0.13878739
0.10529719,0.15946218,0.24529251,-0.051258937,0.108897656,0.3006416,0.28611013,0.15275599,0.32726148,1.0000002,0.1973919,0.30189016,0.14886561,0.088446684,0.050166793,0.12284746,0.07719024,0.2072776,0.23958758,0.21237266,0.27133095,0.24398565,0.1655632,0.060623787,0.11223276,0.17732693,0.071637906,0.16483285,0.21159193,0.06935908,0.10715149,0.2653398,0.29028368,0.11014668,0.13987464,0.05989732,0.06310073,0.17546946,0.15614273,0.07274256,0.117475554,0.1486513,0.13873427,0.22107783,0.09410787,0.14217599,0.042216983,0.019642156,0.25348428,0.012519651,0.13885652,0.23484957,0.19021688,0.08032385,0.13653526,0.14466998,0.14383613,0.15696414,0.12845899,0.0792327,0.027891334,-0.031662077,0.090023376,0.057657853,0.072767034,0.085402176,0.07367228,0.19594735,0.027755521,0.058700584,0.056374695,-0.014333438,0.11890874,0.09422967,0.16985069,0.070072845,0.06483486,0.16062647,0.1541546,0.30234092,0.122195214,0.09047773,0.13363875,0.103062175,0.23530474,0.23563415,0.16303553,0.22857472,0.21726851,0.1923505,-0.08597389,0.27863884,0.11485557,0.11660603,0.08743982,-0.04825777,0.08480741,0.15724172,0.019642156,0.065414324,0.019642156,0.094625786,0.07349222,0.04773859,-0.0368195,0.084407166,0.07386662,0.18444467,0.09675194,0.029293407,0.01676013,0.075291574,0.14617245,0.09595819,0.048185546,0.13170773,0.15510191,0.058192,0.17397177,0.0694578,-0.05031907,0.14743377,0.15258434,0.018072218,0.0067561655,0.09224575,0.11702378,0.2154784,0.37990546,0.20984975,0.21003412,0.27732867,0.34111986,0.09284617,0.15871935,0.09154509,0.2597643,0.19121665,0.006377528,0.13212228,0.14654404,0.032494515,-0.011350945,0.032711994,-0.022317154,0.19295028,0.0983984,0.06905706,-0.0033713058,0.098319866,0.15518871,0.09984063,0.08517576,0.14964905,0.008988572,0.15240929,0.12833096,0.072170146,0.1770988,0.27339733,0.1539402,0.06567321,0.08657412,0.01776785,0.097288,0.075689025,-0.00091265887,-0.08420032,-0.046676677,0.12155561,-0.028713595,0.02126198
0.19563639,0.19163845,0.110177875,0.20464401,0.36424297,0.09927979,0.14662117,0.15493844,0.44098312,0.1973919,1.0000001,0.1456067,0.13824251,0.13693143,0.05830157,0.31935787,0.026442802,0.14293906,0.17722654,0.11441572,0.3418252,0.19399339,0.12133832,0.23981312,0.085019425,0.19433905,0.15398882,0.23239046,0.06668007,0.05890797,0.072461426,0.20143783,0.18870825,0.08101183,0.048225753,0.02212783,0.13719681,0.1954905,0.10463078,0.20978755,0.1846666,0.30509534,0.12962237,0.3934419,0.27060166,0.08883675,0.12871523,0.017397868,0.15536311,0.06183223,0.1301747,0.2897483,0.23390153,0.22866389,0.35423347,0.39274725,0.1682196,0.10733436,0.029207218,0.07714893,0.09226216,0.0005889591,0.038025867,0.020273568,0.14545183,0.14479916,0.0455672,0.12254682,0.13575464,0.07553374,0.10233892,-0.030176796,0.057717197,0.17071983,0.14293298,0.048158217,0.31763554,0.040669046,0.016412102,0.20602076,0.009877747,0.13980533,0.22863734,0.14986187,0.27378267,0.20653583,0.30459586,0.09709477,0.38710013,0.13816872,0.2081304,0.15215838,0.14283703,0.090874374,0.094898865,-0.021056738,0.049150452,0.2804445,0.017397868,0.098766565,0.017397868,0.12565649,0.09126949,0.0012847036,0.12876512,0.19911578,0.168534,0.091557935,0.09629376,0.08058444,0.04487312,0.02943019,0.10171456,0.19388795,0.07902074,0.14219834,0.2014637,0.017943004,0.17661485,0.022947667,0.15226722,0.234302,0.11644671,0.12419783,0.13777936,0.17008351,0.2324164,0.25319225,0.28072345,0.13963243,0.11354844,0.09283683,0.09889104,0.27987236,0.14800952,0.008292533,0.15648939,0.15612796,0.021136828,0.1380087,0.13581876,0.053567868,0.113126345,0.035595264,0.05514247,0.37037417,0.34942043,-0.004939747,0.11115492,0.32851073,0.1348325,0.08061302,0.059674587,0.07986755,0.101131,0.13662578,0.070549265,0.15976219,0.2843644,0.2031028,0.10641879,0.21465188,0.04261091,0.06716319,0.21724498,0.10341802,0.05063012,-0.087813586,0.19385491,0.04474788,-0.015014353,0.094441354
0.19852331,0.2781297,0.19572642,0.18334252,0.10549635,0.30454862,0.4144708,0.1028927,0.36987442,0.30189016,0.1456067,1.0000001,0.30389324,0.16578458,0.23664828,0.1990664,-0.06403488,0.097521104,0.1352056,0.1935125,0.43107125,0.30811033,0.21937099,0.045111373,0.13470823,0.2036,0.19835934,0.29601172,0.14409906,0.009523571,0.012388779,0.14269766,0.40699163,0.3143157,0.1595971,-0.055048265,0.20005026,0.30110002,0.2529668,0.22285317,0.2209897,0.13590583,0.12655649,0.12621695,0.17356274,0.07231379,0.086007975,-0.123783514,0.2898402,-0.0012062949,0.34796074,0.3960623,0.37340283,0.21857,0.115580745,0.0983108,0.16986036,0.20791401,0.05128517,0.042875163,0.008424188,0.091849044,0.01796172,0.10336809,-0.083617195,0.32683682,0.20821288,0.1679504,-0.0069682123,0.024830908,0.1434944,-0.024950715,0.10222196,0.106391,0.21143296,0.25109205,0.1744945,0.15286966,0.1578681,0.19040012,0.10410416,0.18512338,0.24348705,0.20441136,0.25965843,0.109295964,0.1158046,0.14676586,0.09174332,0.29838675,-0.03294494,0.36047873,0.019224985,0.033708148,0.0061456636,-0.0041028224,0.094179936,0.0990157,-0.123783514,0.03774903,-0.123783514,0.122150004,0.04639198,0.05208015,0.035722837,0.025705928,0.041311547,0.16694435,0.14072308,0.1781955,0.049467318,0.11314462,0.09538984,0.061931107,0.046754003,0.12784229,0.13647532,0.14234152,0.19793384,0.25885013,0.04913272,0.11371042,0.22213694,0.0769815,0.046542667,-0.0017413041,0.19379212,0.17709085,0.20889845,0.04825804,0.050537556,0.10623625,0.121237695,0.07504687,0.18195805,-0.0029033935,0.07935989,0.1411549,0.08177787,0.22504434,0.17599535,0.21998174,0.011298109,0.0029079225,0.008532468,0.16330619,0.03371585,0.053204015,0.092244096,0.13720025,0.04378099,0.14598598,0.15947273,0.19299665,0.02134994,0.23813346,0.026943713,0.18337552,0.22123462,0.33457685,0.20417656,0.14649895,0.08469717,0.11613983,0.15131746,0.32156163,0.14405386,0.047279134,-0.06227749,0.04060752,0.09253632,0.109086245
0.31127334,0.4067766,0.34643275,0.28101224,0.32239908,0.35633287,0.26847368,0.15156351,0.41292554,0.14886561,0.13824251,0.30389324,0.9999999,0.27832454,0.29181615,0.17814797,0.10966262,0.121322304,0.19983849,0.23266517,0.45538837,0.28166524,0.33624217,0.16274041,0.37543225,0.41048002,0.24646674,0.22345436,0.18896449,0.13724583,0.1257669,0.09472553,0.32385087,0.4287508,0.42806718,0.14538568,0.27845365,0.19186291,0.25674188,0.19712867,0.31619975,0.21943614,0.07428601,0.1651444,0.22349313,0.1835663,0.11808147,0.0060414467,0.20757926,0.13602217,0.35621116,0.22968014,0.42470348,0.35544547,0.45140392,0.2553675,0.23078328,0.26120484,0.1968967,0.13000554,0.056405168,0.12556745,0.179308,0.16675633,0.33274043,0.35595727,0.24819753,0.18683016,0.08737336,0.07422684,0.2992674,0.1538409,0.13095313,0.30273306,0.35757744,-0.012838246,0.19963314,0.36690223,0.032915987,0.13615708,0.23192988,0.20774363,0.3630192,0.3142706,0.12611477,0.19585176,0.117993176,0.09343246,0.08617447,0.20989387,0.16691853,0.30781102,0.3101783,0.017324561,0.28187463,0.22987689,0.20577015,0.1879454,0.0060414467,0.056976683,0.0060414467,0.12793055,0.054028973,0.08052211,0.047591783,0.021429941,0.17186919,0.16669859,0.22858588,0.21898991,0.14688233,0.12134056,0.105720416,0.14331949,0.06998445,0.14134514,0.14222609,0.20248404,0.2568257,0.18254209,0.30351692,0.1405926,0.2581576,0.061355714,0.224486,-0.04400622,0.38855943,0.18515548,0.096218295,0.102717,0.069383085,0.14622703,0.15946335,0.14097136,0.17576225,0.13551667,0.22985299,0.2191666,0.14048833,0.113960594,0.092465386,0.26550347,0.06793067,0.01275774,0.119905055,0.3554962,0.3997773,0.09259598,0.12451602,0.10827858,0.122729644,0.13744408,0.25062358,0.23125863,0.09577136,0.26277095,0.09323768,0.23690763,0.250935,0.2298701,0.22243622,0.33339202,0.22267193,0.16448918,0.19220522,0.3962423,0.3086676,0.08145807,0.030413035,0.12954703,0.10626472,0.2808103
0.024870917,-0.01162958,0.58088,0.28685787,0.12338102,0.062905826,0.03810695,0.019591436,0.029266234,0.088446684,0.13693143,0.16578458,0.27832454,1.0000001,0.20045555,0.052429102,0.055489197,0.04779329,0.09534522,0.22004165,0.16968073,0.101346985,0.14983246,0.10014166,0.25235426,0.26357752,0.15353934,0.13328014,0.12947643,0.03686655,0.03741783,0.06435713,0.064850986,0.05833557,0.14753528,0.16846395,0.08766684,0.19187224,0.059509214,0.15562391,0.1435647,0.09173479,0.04079626,0.13826925,0.2737162,0.16201904,0.34327653,-0.030316446,0.29154897,0.22840393,0.056071553,0.2475493,0.006167677,0.123621486,0.20256905,0.20932461,0.15491372,0.015092148,-0.003717607,0.08545322,0.05248295,0.06716751,0.14161766,-0.004002087,0.14218736,0.26522523,0.33479396,0.18025525,0.1485247,0.1765026,0.09818066,0.101048514,0.053634435,-0.012902168,0.062967226,0.091230586,0.014141219,0.076182656,0.091067806,0.43260682,0.32290977,0.30461207,0.26325756,0.025796575,0.1408525,-0.0027100127,0.07524176,0.17364007,0.2946729,0.13590609,0.003067621,0.12252031,0.15902707,0.121219665,0.08439941,0.24971727,0.28320304,0.24730206,-0.030316446,0.050334446,-0.030316446,0.07872437,0.23619115,0.07058139,0.09994958,0.1770728,0.15187284,0.318483,0.10698618,0.20378023,0.20536143,0.25669372,0.15717757,0.07383155,0.14058194,0.0017743604,0.19813198,0.066088356,0.1750488,0.050097562,0.18197104,-0.025337111,0.3860806,0.2529369,0.25203568,-0.055994634,0.027697843,0.035089,0.14260446,-0.0047533745,0.043880504,0.07817261,0.22721827,0.09538935,0.1621243,0.10630615,0.18923898,0.088174894,0.030772667,0.0370396,0.13639653,0.12495393,0.26246557,0.034921296,0.16853642,0.12972674,0.198145,0.0039182734,0.0959291,0.32533503,0.09645341,0.2780067,0.2070826,0.29024208,0.248594,0.12526089,0.13864058,0.05562853,0.0495311,-0.036891162,0.056250293,-0.0090502165,0.08441543,0.12928194,0.1370683,0.16871804,-0.0069483407,0.14566156,0.05683631,0.083824754,0.032578405,0.10626675
0.105820015,0.19777912,0.2744888,0.4063064,0.07400523,0.21110629,0.11414368,0.009043802,0.17736143,0.050166793,0.05830157,0.23664828,0.29181615,0.20045555,0.99999976,-0.023087768,0.33918813,0.16382988,0.22707754,0.4777422,0.2542903,0.19528371,0.21906103,0.2635058,0.36113697,0.40541443,0.5464407,0.104955494,0.053432096,0.1764831,0.22853604,0.1262784,0.061305724,0.28274104,0.38082576,0.2978171,0.17263591,0.2158891,0.21139878,0.34670663,0.15555364,0.13516015,-0.017087657,0.16588184,0.14446355,0.33429903,0.1614058,0.008468754,0.40789703,0.33586514,0.02503923,0.19952552,0.25670975,0.37517595,0.2684355,0.08670242,0.22423065,0.17305103,0.18413514,0.09246672,0.16169363,0.21937028,0.21860273,0.23431683,0.18404622,0.34520286,0.3792996,0.30586037,0.20363158,0.11261839,0.3795612,-0.06564246,0.07713684,0.22780724,0.1343322,0.0077375667,0.112265974,0.08380523,0.08685698,0.2150182,0.30318028,0.36898756,0.32875142,0.11733402,0.14927527,0.09326794,0.024123464,0.050558254,0.068773344,0.11522259,0.022292083,0.13735266,0.059594713,0.19372024,0.26089558,0.19902343,0.3150618,0.09064976,0.008468754,0.09764388,0.008468754,0.17233305,0.1723322,0.18815172,0.15603179,0.24286444,0.06747527,0.29419446,0.3179257,0.28633094,0.14295936,0.29230943,0.24263525,0.043972455,0.27472046,0.18931544,0.27670172,0.35693443,0.18947586,0.12321415,0.1618559,-0.007859655,0.16698945,0.27598178,0.2238412,-0.054938965,0.1868687,-0.05290414,-0.0014114752,-0.04703753,0.11218321,-0.085535556,0.115935124,-0.00997168,0.23208794,0.21149932,0.0023857392,0.053916313,0.07573233,0.09269227,0.103714935,0.3025364,0.06313287,-0.09305211,0.2051309,0.15068822,0.02882109,-0.029430177,0.03478323,0.1907616,0.08540542,0.15901305,0.31167704,0.24492835,0.24655494,0.36330768,0.11242423,0.19478258,0.21448393,0.119348675,0.12334801,0.15679896,0.12983175,0.13712473,0.14396322,0.2126545,0.33553883,0.2367295,0.12756613,0.22540563,0.18816374,0.22029561
0.33836815,0.18856643,0.23545104,0.048330072,0.23424405,0.115592435,0.14276652,0.0015817462,0.20894977,0.12284746,0.31935787,0.1990664,0.17814797,0.052429102,-0.023087768,1.0000001,0.07425204,0.1034098,0.16351508,0.023661057,0.23977536,0.16781081,0.18943669,0.30883446,0.13193491,0.23551065,0.06059502,0.23366675,0.08616485,0.11188531,0.1123314,0.28833628,0.3912632,0.2022644,0.01403054,0.06177208,0.24964291,0.09971703,0.084966436,0.07502291,0.16350323,0.10398382,0.14077573,0.05934542,0.11837314,0.06933165,0.04466871,0.10446116,0.08561903,0.07004888,0.22336274,0.17104697,0.26005596,0.121093035,0.15757298,0.3253225,-0.01397096,0.0871093,0.14219716,0.14078666,-0.08290769,0.042190306,0.005747591,0.19914857,0.060552128,0.20244226,0.027988438,-0.012308242,0.06608009,-0.007943466,0.06888819,-0.0018391497,0.14758164,0.13287319,0.085970365,0.2314704,0.08309096,0.16087654,0.20676804,0.03374946,0.021345668,-0.026914816,0.12560219,0.13965595,0.042647112,0.1618174,0.24672195,-0.093500435,-0.029439626,0.098433174,0.23852453,0.19422333,0.09696702,0.04300309,0.057394937,-0.012874491,-0.089526996,0.05665711,0.10446116,0.15717885,0.10446116,0.025102658,0.038863868,0.0154778585,0.060044557,-0.039357997,0.20784649,-0.06705878,-0.0073706536,0.052853182,0.064871095,-0.048572533,0.037299283,0.2728078,0.05097101,0.06426967,-0.028067693,0.0071043344,0.07151236,0.158617,0.32201886,0.2170232,-0.037919518,-0.016550845,0.16711825,0.09245269,0.16363199,0.08144438,0.07357924,0.14472324,0.15161723,0.24570043,0.0759666,0.054302435,0.17134516,0.009733964,0.05577443,0.09348006,0.12798764,0.074958704,0.036423482,0.004827233,0.04750465,0.0854011,0.053068765,0.11614359,0.15738446,0.03559385,0.1478633,-0.009510554,0.054166898,0.19159733,-0.07364568,0.03569247,-0.043162677,-0.04232212,0.02882581,0.0915406,0.109335326,0.22868864,0.16455334,0.09781706,0.08127677,0.044582687,0.1933535,0.15705068,0.014906588,0.00267867,0.16702627,-0.048667036,0.04133777,-0.013885201
0.07988865,0.023880098,0.22515199,0.16883454,-0.006616762,0.074031666,0.038803343,0.09424997,0.013636697,0.07719024,0.026442802,-0.06403488,0.10966262,0.055489197,0.33918813,0.07425204,0.99999964,0.17335752,0.38052055,0.144608,-0.01643333,0.034478247,0.1959998,0.35797593,0.4024647,0.3217012,0.26979184,0.04195943,0.03520363,0.36820138,0.26507223,0.2094775,0.0042003496,0.31288415,0.10819456,0.18889411,0.025562882,0.19576216,0.10217632,0.18620197,0.043606117,0.06875717,0.1752201,-0.022275615,0.22034541,0.36335164,0.105759636,0.2292462,0.1983904,0.3517492,0.002199011,0.055275667,0.06996541,0.20474046,0.21689203,0.1470507,0.17701326,0.18484598,0.16045688,0.15863165,0.17873652,0.1801638,0.19399382,0.17653532,0.20983799,0.035292275,0.044667408,0.13904259,0.17311886,0.11253772,0.18112418,0.020073412,0.07699969,0.12751567,0.014498303,0.12084213,0.08318574,0.01478786,0.18120864,-0.018388597,0.33971027,0.1396833,-0.005850695,0.10315363,-0.009798458,0.06488632,0.06192251,0.082210176,0.033106934,-0.021268068,0.04429494,0.09232122,0.20510967,0.21160404,0.32607815,0.28044924,0.28558388,0.21655533,0.2292462,0.16603348,0.2292462,0.062334023,0.20608509,0.3515682,0.064928606,0.20186755,0.26494175,0.27884632,0.20501918,0.2752229,0.23758978,0.30118757,0.14747413,0.31825343,0.32920405,0.026255004,0.11169531,0.13864452,-0.03364564,0.1105232,0.20806864,0.07437168,0.13024938,0.16459806,0.20213266,0.040862214,0.06286139,-0.019204102,-0.013336988,0.06722385,0.14508213,-0.04765206,0.09364775,-0.055324562,0.07659783,0.3827954,0.17722005,0.25952816,0.04098925,0.049228102,0.17700388,0.20313926,0.1369399,0.123221934,0.20588255,0.26213697,0.087435305,0.01669661,0.12704591,0.095673524,0.13251622,0.10600759,0.06460269,0.03830891,0.13636373,0.14435728,0.16803467,0.17848167,0.0046478827,0.018052429,0.111715786,0.090454735,0.2213828,0.28187555,0.17959365,0.016315777,0.11581714,0.02086004,0.10376662,0.21628527,0.172296,0.1694764
0.11680029,0.076166466,0.06691301,0.3019063,0.02429646,0.27219933,0.12612279,0.061646905,0.22808237,0.2072776,0.14293906,0.097521104,0.121322304,0.04779329,0.16382988,0.1034098,0.17335752,1.0000002,0.1511005,0.20152052,0.06511354,0.09299256,0.25279474,0.15367366,0.14071961,0.18046173,0.13138996,0.17312671,0.10923658,0.5045561,0.5873695,0.24128246,0.069177285,0.23829752,0.07171483,0.3197081,0.17615478,0.2637651,0.19785279,0.15499729,0.10912436,0.21485996,0.1779176,0.08919336,0.30859175,0.5105356,0.095326014,0.40634218,0.08191836,0.3351718,0.12130891,0.1804637,0.14558098,0.11437459,0.08074854,0.17018747,0.21115744,0.18991518,0.16723698,0.26912212,0.0906517,0.18622303,0.22792423,0.25584972,0.099948235,0.03149782,0.13321106,0.079167075,0.14567292,0.2126789,0.20611021,0.25832918,0.2111518,0.20178044,0.08606156,0.03884347,0.11712238,0.14344037,0.13581294,0.11337922,0.20852768,0.16540426,0.051019333,0.24580672,0.07719128,0.152497,0.092602655,-0.012889901,0.12862533,-0.0013660816,0.045426663,0.0955595,0.11912873,0.28574702,0.20099705,0.0773795,0.17504017,0.24282263,0.40634218,0.41205117,0.40634218,0.39822558,0.25607756,0.12832658,-0.0506918,0.2487061,0.18878853,0.32312536,0.10409741,0.21373446,0.24256754,0.060498737,0.28671902,0.23642108,0.1120346,0.17212625,0.13745676,-0.015990775,0.18595389,0.115699425,0.25132337,0.071296014,0.13126244,0.15693194,0.35766006,0.10511019,0.14058867,0.0738787,0.14357549,0.17145503,0.071546346,0.072992384,0.08758832,0.07838209,0.06022948,0.21210012,0.26784018,0.2367102,0.15850767,0.11149943,0.0460653,0.21286243,0.12002088,0.26344982,0.2889809,0.09477868,0.1278948,0.102630496,0.066478565,0.06550552,0.11484951,0.09198772,0.01314002,0.113239445,0.0041684425,0.114503205,0.08926084,0.13004425,0.0610618,0.13000824,0.10656752,0.091333814,0.26016688,0.22947124,0.2619425,0.059689842,0.14220488,0.103856295,0.066899896,0.15361804,0.20121802,0.19604298
0.24523117,0.1565634,0.4192643,0.21105951,0.21313356,0.16831395,0.17026035,0.008305401,0.18848683,0.23958758,0.17722654,0.1352056,0.19983849,0.09534522,0.22707754,0.16351508,0.38052055,0.1511005,1.0,0.13185517,0.22631387,0.17733881,0.22311747,0.082642324,0.33629042,0.42240563,0.1622022,0.24495555,0.1085289,0.1890279,0.15311545,0.30476943,0.14813913,0.3472583,0.103109695,0.28349334,0.20254546,0.36016366,0.21804568,0.16173865,0.13130863,0.06761598,0.10084419,0.07392529,0.29693925,0.17847118,-0.008659502,-0.008513475,0.1426067,0.09967643,0.15311994,0.16197687,0.19629754,0.24923208,0.42233342,0.33136055,0.30007738,0.096357614,0.26081586,0.28480825,0.18413718,0.113027886,0.15710983,0.25817233,0.27340028,0.17776842,0.21746668,0.17522645,0.15608263,0.11691312,0.12693022,0.06105331,0.1849425,0.1400791,0.1794874,0.23555814,0.14209782,0.05101165,0.22887176,0.14007702,0.24753006,0.019626144,0.051998917,0.20293397,0.14294559,0.17000295,0.19188759,0.109327614,0.16393746,0.15198515,0.07415248,0.25645933,0.23539688,0.17013986,0.33868265,0.0688371,0.25581107,0.37663308,-0.008513475,0.09868993,-0.008513475,0.053513587,0.15777282,0.2723427,0.09240825,0.18378378,0.36694837,0.110800005,0.1467625,0.1792452,0.13033232,0.162073,0.15267438,0.3709215,0.27655333,0.07447228,0.07358537,0.15046881,0.101608366,0.15572442,0.1605742,0.23696509,0.08065512,0.11309093,0.08130594,0.12761691,0.07657408,0.13479404,0.15787959,0.048698645,0.06618399,0.1329287,0.19949694,0.11118851,0.11049525,0.29475504,0.17223796,0.22948115,0.069197714,0.18433522,0.25168636,0.071808025,0.06770475,-0.039343808,0.14486846,0.38339308,0.10942414,-0.116665,0.10877155,0.023187017,0.16442902,0.12655357,0.00073798606,0.014538253,-0.008348025,0.097810656,0.2196869,0.20796557,0.21048492,0.27040473,0.26150548,0.17455497,0.1420176,0.21117076,0.16067275,0.07994936,0.03265316,0.053250022,0.06806934,0.18481094,0.12939838,0.20167014
-0.01174682,0.15238686,0.29278275,0.35314775,0.041806757,0.23419496,0.06292001,-0.0012428202,0.19251417,0.21237266,0.11441572,0.1935125,0.23266517,0.22004165,0.4777422,0.023661057,0.144608,0.20152052,0.13185517,1.0000002,0.2155025,0.11224939,0.29481712,0.19418317,0.3546338,0.35459778,0.40158963,0.026133114,-0.029028995,0.15500331,0.20583229,0.05962956,0.13385911,0.2819062,0.38540757,0.23728389,0.09607972,0.16682829,0.12717427,0.2700519,0.068215616,0.0562792,-0.015669677,0.17378667,0.2451685,0.32265642,0.30805176,-0.05878645,0.21023178,0.3544412,0.02993562,0.07811911,0.16993776,0.43322247,0.24779591,0.15551132,0.30482996,0.32029337,0.27239904,0.22477737,0.19336201,0.21794288,0.36446372,0.26104313,0.18704104,0.22148006,0.3184509,0.08658018,0.08263463,0.13917765,0.38528728,-0.035460737,0.13104632,0.07711045,0.064155534,-0.032709077,0.015747583,0.11241233,0.0019572657,0.21748614,0.29921365,0.37514865,0.18511625,0.05020689,0.012015751,0.012161093,0.0022046827,0.089028575,0.18036884,0.12990105,0.04048809,0.12310476,0.23051238,0.16006663,0.15402181,0.12241345,0.40870523,0.18513374,-0.05878645,0.12626907,-0.05878645,0.17828454,0.24373332,0.20194113,0.011617126,0.30899444,0.0967641,0.34345573,0.31951678,0.28843412,0.20320281,0.308002,0.26642936,0.14435306,0.13130201,0.28348807,0.31165975,0.22295418,0.19330378,0.12456831,0.20034468,0.007263873,0.35763508,0.26965997,0.23521298,0.04971692,0.1438734,-0.0699337,0.13047147,0.036179848,0.07765725,0.017492108,0.17390768,0.0029414184,0.23088454,0.18858285,0.12931316,0.088247195,0.061225325,0.09403123,0.1941345,0.2531358,0.02449618,-0.008900911,0.18576536,0.11044562,0.1817917,0.07959593,0.0013861819,0.0852945,-0.026372902,0.038515843,0.2823374,0.25202745,0.06826083,0.2982977,0.12912522,0.10767819,0.060026687,0.09992148,0.044895645,0.23512277,0.29333466,0.20072196,0.3527003,0.05775308,0.34503335,0.2058936,0.06531081,0.18415613,0.2326848,0.32461578
