0,1,2,3,4,5,6,7,8,9,10,11,12,13,14,15,16,17,18,19,20,21,22,23,24,25,26,27,28,29,30,31,32,33,34,35,36,37,38,39,40,41,42,43,44,45,46,47,48,49,50,51,52,53,54,55,56,57,58,59,60,61,62,63,64,65,66,67,68,69,70,71,72,73,74,75,76,77,78,79,80,81,82,83,84,85,86,87,88,89,90,91,92,93,94,95,96,97,98,99,100,101,102,103,104,105,106,107,108,109,110,111,112,113,114,115,116,117,118,119,120,121,122,123,124,125,126,127,128,129,130,131,132,133,134,135,136,137,138,139,140,141,142,143,144,145,146,147,148,149,150,151,152,153,154,155,156,157
0.99999976,0.5162499,0.35696444,0.47437307,0.29867318,0.26727498,0.39779943,0.19683877,0.48045114,0.20422041,0.25694764,0.313305,0.22189195,0.32652113,0.21628644,0.19418202,0.33387065,0.13192081,0.2835603,0.056235142,0.37976205,0.27615148,0.27667508,0.21447039,0.20510873,0.27702242,0.4268127,0.15316486,0.12514941,0.30372572,0.4189189,0.1422312,0.14418103,0.20931274,0.4983903,0.42494288,0.16667463,0.22889897,0.16916496,0.24921247,0.10272378,0.2950924,0.10096727,0.25723922,0.32373965,0.14099191,0.20299414,0.168552,0.06020503,0.06868118,0.29540372,0.14553195,0.06538659,0.105683945,0.0022516577,0.1292408,0.019486569,0.15906604,0.12730925,0.19771111,0.14971533,0.5579883,0.22741966,0.40442425,0.2498194,0.14958504,0.25186884,0.30953854,0.41348577,0.44549668,0.37195024,0.37724376,0.25484207,0.12561144,0.15032534,0.37704352,0.105572164,0.22909492,0.090094954,0.15598811,0.15243411,0.14135697,0.13772361,0.059004273,0.20500876,0.19070366,0.1131127,0.15967,0.129318,0.12295766,0.05428033,0.1414731,0.24618131,0.21581256,0.23459034,0.14125976,0.1882922,0.2095716,0.1966219,0.112930335,0.0487311,0.24421924,0.23505455,0.23827451,0.30825126,0.23472929,0.042664986,0.11134682,0.10631789,-0.010457506,0.1343748,0.04021369,0.24041519,0.17646393,0.10271412,0.069655135,0.11593735,0.11814307,0.08584891,0.18993747,0.116228454,0.16483146,0.114723206,0.02510191,0.33543158,0.051844098,0.1258944,0.08275175,0.14177121,0.126788,0.06212963,0.3082944,0.0860784,0.12960152,0.06494473,0.12721547,0.20529296,0.051316477,0.29388455,0.12615272,0.34056264,0.35953742,-0.0054960456,0.06938474,0.07894717,0.2018422,0.2609345,0.109880164,0.16135997,0.12809756,0.28460303,0.072958715,-0.019364899,-0.010956984,0.10259376,0.1292408,-0.027541278,0.18506318
0.5162499,1.0000001,0.43989483,0.51699424,0.31626254,0.37012297,0.28740802,0.22172959,0.26542255,0.062437236,0.33478332,0.33703303,0.18702157,0.43357193,0.19382998,0.38469732,0.39557672,0.20204493,0.20278546,0.19603181,0.37842825,0.1997231,0.5239183,0.24926573,0.42757672,0.3896312,0.34482723,0.1342064,0.111154966,0.45588183,0.5390383,0.20955332,0.18284032,0.3125219,0.43697706,0.42013565,0.1339279,0.29088557,0.25343597,0.14845704,0.24785309,0.2314864,0.02404552,0.2588892,0.34197584,0.20168303,0.38788226,0.28800467,0.16682191,0.10919382,0.37030354,0.17962581,-0.040324695,0.029434126,0.2171541,0.16450126,0.0963602,0.36812225,0.25505137,0.3318602,0.22793856,0.44355485,0.1459462,0.3490721,0.22458677,0.19983768,0.3926268,0.23795208,0.3064531,0.25315714,0.3255644,0.19434881,0.27415466,0.17619048,0.3540707,0.3842391,-0.0092390105,0.35604522,0.0970781,0.34704816,0.22461481,0.20104766,0.24717633,0.19726837,0.13854001,0.14529888,0.18029442,0.18138482,0.15648681,0.061924353,0.18657203,0.30419958,0.2597845,0.31079423,0.24316712,0.08685558,0.14988036,0.29330727,0.2003993,0.082205065,0.03600032,0.309538,0.18012619,0.17954904,0.35244572,0.26707366,0.050840415,0.1689061,0.1039123,0.029041534,0.1690207,0.024412815,0.25505048,0.2552039,0.13458279,0.0700258,0.22061962,0.010035196,0.26977548,0.2557027,0.33034015,0.15036513,0.04491928,0.05508927,0.28723827,0.13346967,0.4194565,-0.062047303,0.1838865,0.22477028,0.04624814,0.38461778,0.2568444,0.23806551,0.16385725,0.09254585,0.18043096,0.07607727,0.23284961,0.021913717,0.22484636,0.40592763,0.12447128,0.06614279,0.09487969,0.19520675,0.22860207,0.045620155,0.2344936,0.16538848,0.33454943,0.086493015,0.097083956,0.09722916,0.27278614,0.16450126,0.055223152,0.3659603
0.35696444,0.43989483,1.0,0.6094301,0.33815873,0.08891635,0.3068257,0.1759788,0.3613744,0.17405728,0.24403997,0.21489938,0.1390401,0.42347133,0.18491134,0.16134298,0.28503928,0.12896544,0.2094283,0.10550117,0.2639941,0.31014422,0.25692007,0.21854717,0.21643256,0.22913237,0.431675,0.096900426,0.10731899,0.19467372,0.4652093,0.3839562,0.19897114,0.27396277,0.28716147,0.28020054,0.21109283,0.19719021,0.11926924,0.08976801,0.08386936,0.17769882,0.01696441,0.18174459,0.264148,0.23555198,0.1183604,0.2685629,0.21495564,0.15364103,0.27900833,0.14614452,0.051490434,-0.0023675505,0.066912614,0.070094004,0.031283315,0.12987243,0.14626867,0.24642664,0.16153084,0.41023436,0.18496671,0.26849353,0.17305157,0.08482638,0.28358582,0.28242517,0.19520158,0.25835145,0.0656679,0.14073941,0.1926966,0.029358363,0.16626021,0.22490278,0.1550917,0.06394707,0.13553374,0.19230051,0.18640804,0.06811463,0.23242962,0.1515074,0.12428244,0.08429609,0.080505885,0.09540496,0.004933393,-0.018332472,0.09974621,0.16434307,0.21287757,0.15336356,0.22933783,0.07605548,0.14333272,0.25377363,0.2890079,0.027898995,0.08617471,0.23012802,0.21919483,0.20075549,0.10429772,0.24377051,-0.010658875,0.029389355,0.15160042,0.08455522,0.035431955,0.043146573,0.18352348,0.1983437,0.11950879,0.14862336,0.17718287,-0.0021947157,0.22449493,0.12491851,0.19552073,0.08823102,0.06457308,0.020548496,0.2562542,0.10874658,0.11669743,0.20890866,0.1983294,0.22111386,0.09094114,0.15951838,0.2752015,0.25099623,0.19001713,0.18037751,0.2495799,0.048922867,0.21478814,0.2307877,0.27505916,0.1428506,0.010729365,0.09395251,-0.07651246,0.019612268,0.2146526,0.021725405,0.10737626,0.05154949,0.11450437,0.08037548,0.15463181,-1.9205268e-05,0.1463951,0.070094004,0.0123961335,0.1330517
0.47437307,0.51699424,0.6094301,1.0000001,0.3019498,0.1389888,0.46396112,0.18222217,0.43056393,0.14634116,0.33874348,0.30943295,0.20995328,0.40778908,0.21814755,0.15894416,0.26549152,0.18037203,0.25589913,0.07375715,0.32531592,0.3087794,0.2824412,0.1551492,0.24422647,0.2370883,0.437616,0.09354626,0.080256596,0.2469189,0.41766703,0.19063458,0.089729056,0.2691463,0.32918552,0.4015614,0.20262553,0.28785533,0.13602354,0.12771845,0.1129186,0.13185623,0.035289478,0.16722552,0.40810144,0.27977315,0.12565224,0.20021658,0.19456127,0.08846448,0.27361318,0.13063237,0.1304939,0.103466704,0.09546471,0.06707572,0.09705829,0.1836463,0.15606406,0.18804933,0.15752614,0.39911756,0.10202964,0.2840767,0.16374986,0.023277188,0.3029875,0.23526984,0.28875667,0.22648649,0.14382678,0.16537783,0.18554738,0.023005895,0.13235871,0.38844496,0.09606053,0.15791033,0.09965352,0.23909634,0.08370753,0.097586975,0.212541,0.10145628,0.07806534,0.106737085,0.104282714,0.140801,0.04983007,-0.014408347,0.10505259,0.16840501,0.13959451,0.20636007,0.12478098,-0.031066133,0.14524218,0.23225406,0.28841496,0.044754133,0.02277892,0.16613981,0.2375255,0.2078364,0.16599014,0.19724172,0.006752828,0.028130125,0.20973226,0.10042003,0.030975763,-0.07954019,0.21088035,0.26335722,0.17354101,0.104991324,0.25301763,0.14563441,0.24687223,0.19995922,0.18895173,0.114679754,0.11339431,0.11681453,0.32908177,0.026253328,0.13974404,0.08523409,0.18012163,0.151598,0.08816219,0.1875059,0.25673822,0.2232225,0.14711641,0.17212054,0.2209987,0.10179313,0.24937567,0.122730546,0.30442992,0.1512377,-0.0065862816,0.06611333,0.062024467,0.07774478,0.23988149,0.08906096,0.089923635,0.05243075,0.14188734,0.1612566,0.09191645,0.10623877,0.14470156,0.06707572,0.056668993,0.19126695
0.29867318,0.31626254,0.33815873,0.3019498,1.0000002,0.29339403,0.1930774,0.22080499,0.16693074,0.103085555,0.17622161,0.32182124,0.20237614,0.4779846,0.4589464,0.38937378,0.368149,0.116706684,0.4515986,0.24835396,0.2593268,0.24835658,0.33243954,0.34834284,0.30022237,0.24695405,0.2034536,0.10572152,0.12907287,0.18054587,0.2781544,0.30096436,0.29682544,0.20196779,0.19908324,0.20840347,0.10392031,0.08974196,0.38239324,0.26211306,0.33175465,0.074427694,0.09440433,0.12425507,0.18031287,0.30614823,0.21980733,0.49645814,0.35615012,0.07632895,0.18056859,0.13753712,0.06941762,0.0063502407,0.17736556,0.032977544,0.05860117,0.2164154,0.23026136,0.22478406,0.37193006,0.39704657,0.11410971,0.30272025,0.1496129,0.05257686,0.25713098,0.1415802,0.06575708,0.08431947,0.09056001,0.20770383,0.33360636,0.30427477,0.11362675,0.12738368,0.08610561,0.043155853,0.004578758,0.091387846,0.1320348,0.18701904,0.25819942,0.21721917,0.095802635,0.09871333,0.24792214,0.13462695,0.2538419,0.16638377,0.2659016,0.3780655,0.34097815,0.26408532,0.2519722,0.27803075,0.19643854,0.35251185,0.40385792,0.11630532,0.0563758,0.16124913,0.20717475,0.123981364,0.1598908,0.32281226,0.10300142,0.20553395,0.20096266,0.05826029,0.11431943,0.052273773,0.1452707,0.18827575,0.059708484,0.08551845,0.09865074,-0.016220847,0.18666194,0.061061937,0.13149333,0.16307485,-0.006141853,-0.024507772,0.103787325,0.073480435,0.18365744,0.006800252,0.23548561,0.41448712,0.022599941,0.2012735,0.23967719,0.18850783,0.13707957,0.14313969,0.1711592,0.04605449,0.1854708,0.06974333,0.2245981,0.08968139,0.12116437,0.063003995,0.15008149,0.20315766,0.40102673,0.17792779,0.26690528,0.24065983,0.11463214,0.1177071,0.104321145,0.14673054,0.15033558,0.032977544,-0.03248459,0.20237128
0.26727498,0.37012297,0.08891635,0.1389888,0.29339403,0.9999999,0.1143779,0.23313825,0.028633025,0.13396189,0.09425801,0.1554444,0.028985558,0.18573868,0.21448119,0.46542487,0.16484292,0.20955847,0.27954286,0.31517327,0.26334947,0.07411841,0.37204728,0.24224256,0.46817842,0.3114053,0.039050847,0.0890111,-0.010133773,0.3590917,0.31510082,0.21836638,0.1917924,0.30093315,0.37693328,0.372042,0.05761402,0.20165746,0.26306698,0.14436147,0.2690683,0.10268379,0.026438575,0.1324135,0.28040236,0.3872052,0.39218217,0.3018891,0.17734589,0.20733123,0.18148908,0.18957862,0.051744144,0.16745327,0.073048316,0.020420156,0.06369957,0.30968326,0.29707718,0.31598955,0.20232083,0.26508936,0.11464747,0.4276375,0.1746732,0.23221768,0.4634733,0.24800287,0.23165816,0.19356152,0.25098938,0.2378327,0.30678803,0.2882714,0.27116603,0.2013183,0.011332341,0.1546525,0.11442494,0.27536875,0.07223572,0.25407118,0.31067398,0.33964634,0.08006686,0.13217884,0.22001612,0.15558499,0.19825967,0.05570804,0.3127218,0.34370297,0.25139734,0.36755112,0.18394905,0.04162441,0.19577631,0.25914627,0.18584692,0.15229452,0.1613642,0.14679495,0.2388303,0.32139975,0.21724063,0.18468359,0.26400632,0.23376405,0.0577568,0.002105685,0.10744989,0.076758064,0.26438507,0.16481362,-0.009155901,-0.090761945,0.062773146,-0.076911904,0.15359247,0.168127,0.14972377,0.17259115,-0.026365468,-0.005371932,0.1696034,0.1435522,0.3339829,-0.019616645,0.26145864,0.27597466,0.026521891,0.40401193,0.29248983,0.14315741,0.09205566,0.17350945,0.22771347,0.05059903,0.238053,-0.0014670128,0.16259754,0.2960685,0.03804535,0.05272219,0.09285094,0.2693253,0.22479258,0.08127549,0.27899414,0.299006,0.34486863,0.05630426,0.15682448,0.052102752,0.25900316,0.020420156,0.009646526,0.32058614
0.39779943,0.28740802,0.3068257,0.46396112,0.1930774,0.1143779,0.9999999,0.15869604,0.23287831,0.07512889,0.15410304,0.17334357,0.16287474,0.29463625,0.21152496,0.13352662,0.124548025,0.018372364,0.13603935,0.065255195,0.22739652,0.21772227,0.13248459,0.06280819,0.040154193,0.04506974,0.45987284,0.028513025,0.10003952,0.11396519,0.22887667,0.101787195,-0.015719008,0.13050489,0.22158124,0.100669846,0.13845019,0.21967012,0.076605126,0.069737054,0.046419494,0.17440768,0.0705013,0.15695937,0.3324714,0.22363633,0.1092591,0.23087306,0.16053188,0.117284186,0.24484104,0.028130071,0.061922893,0.03472693,0.0006717704,0.039873786,0.0056627076,0.23821509,0.07932653,0.21616697,0.10300839,0.23597181,0.14763162,0.09573969,0.1968424,0.119219676,0.12703614,0.24283442,0.24787484,0.24784195,0.22942209,0.25085208,0.21840265,0.09416562,0.10825417,0.32985473,0.050365154,0.22909294,0.13246626,0.0121253915,0.115631595,0.15777789,0.18207663,0.061758332,0.08672339,0.06549568,0.046465505,0.09292941,0.012089845,0.044222973,0.15448019,0.13965073,0.05467789,0.0043325694,0.16208617,0.036791705,0.13000523,0.20417148,0.082013465,0.023121385,0.08217409,0.15615141,0.2081325,0.17057887,0.23619309,0.2945519,0.083255894,0.0047895415,0.040553283,-0.059933156,0.064052284,0.12482594,0.2297001,0.15234089,0.16188778,0.050864168,0.13718186,0.20184942,0.088465534,0.21042952,0.17924936,0.0019402355,0.26835763,0.12327246,0.23819104,0.040790446,0.051930808,0.025633806,0.23178665,0.12798938,0.16667223,0.16226105,0.10790971,0.2640239,0.19701084,0.02628949,0.085885815,0.10171783,0.13520928,0.27161166,0.28421986,0.29364192,0.04615523,0.07363467,-0.009212896,0.12635916,0.105500415,0.03077609,0.08835314,0.031127807,0.097829044,-0.00063497806,0.09411205,-0.023921985,0.078839555,0.039873786,-0.041859254,0.24982366
0.19683877,0.22172959,0.1759788,0.18222217,0.22080499,0.23313825,0.15869604,1.0000001,0.3022148,0.32450563,0.36553884,0.35042897,0.1205226,0.26010284,0.22262453,0.31297153,0.046537094,0.24792725,0.228543,0.19706713,0.27676213,0.33002216,0.308002,0.19134639,0.19065584,0.22452083,0.28130728,0.15215996,0.18636729,0.26354897,0.15632653,0.15331928,0.13421984,0.1604195,0.27982828,0.185835,0.1285477,0.217034,0.1261497,0.18910053,0.055711415,0.24499318,0.12562074,0.19714805,0.29147947,0.12728265,0.19462228,0.161535,-0.03119303,0.09015974,0.26144108,0.123343095,0.104194425,0.22727656,-0.06311481,0.013693713,-0.01732799,0.18225914,0.123145685,0.18594716,0.031103108,0.23368542,0.24038738,0.24153298,0.22256477,0.17402892,0.13964613,0.2941054,0.21878022,0.18158911,0.26823413,0.21101859,0.10831304,0.1013578,0.16351312,0.30321053,0.09698173,0.32794958,0.19363436,0.32389483,0.12287211,0.26136142,0.10036139,0.14521112,0.21131779,0.17667817,0.17961577,0.06191779,0.025603894,0.0357677,0.07656766,0.10936582,0.12439641,0.14030644,-0.0052878316,0.019474762,0.025631022,0.087563775,-0.0151702,0.16056406,0.20884782,0.028826207,0.1791113,0.30315208,0.20646249,0.18956557,0.10505277,0.15009469,0.17215234,0.11434297,0.085516386,0.15525112,0.17770585,0.101570055,0.17032468,0.039928786,0.24962863,0.00038516964,0.22771004,0.21563378,0.11687035,0.11318282,0.1399338,-0.056361914,0.19352765,0.18715519,0.16253203,0.021939527,0.07342724,0.1494303,0.11649036,0.1740683,0.17759092,0.11319698,0.08028035,0.038676027,0.064940825,0.084353,0.08952875,0.06664383,0.25831953,0.12824306,0.02758732,0.07760291,0.15315498,0.088185266,0.06804155,0.074173614,-0.0005642185,0.08125162,0.109340884,0.07043092,0.08690994,0.029890336,0.0725872,0.013693713,0.0076438757,0.18720533
0.48045114,0.26542255,0.3613744,0.43056393,0.16693074,0.028633025,0.23287831,0.3022148,1.0,0.44215956,0.42783308,0.39363933,0.27032202,0.25895244,0.1581392,0.13260746,0.17328233,0.1372467,0.2000005,0.14340678,0.35612136,0.4593743,0.22013691,0.0197491,0.12390578,0.25773627,0.511644,0.08798696,0.15042312,0.26051667,0.39875063,0.11648674,0.047018096,0.20814529,0.38454735,0.4430729,0.27949494,0.25171688,0.12186009,0.12541518,-0.0036118766,0.40346622,0.11400393,0.14505637,0.4114856,0.13282855,0.10740983,0.12675859,0.04697817,0.07474765,0.22496425,0.16249777,0.16277751,0.11509301,0.07952583,0.12772085,0.045930393,0.025014099,0.04018459,0.16442508,0.10095145,0.3369223,0.10501821,0.2883335,0.24351989,0.05698491,0.22917898,0.21886899,0.2545206,0.30290815,0.24997137,0.24814993,0.18272938,0.0546148,0.16881639,0.15249532,0.16905198,0.18706623,0.035064094,0.18140513,0.09265452,0.091239125,0.11309148,0.08487359,0.12219954,0.025820047,0.11451842,0.0932361,-0.06444919,0.02773399,-0.06818317,0.096245594,0.21126394,0.039694507,0.123962134,0.0449787,0.09776226,0.12173689,0.16418014,0.11361333,0.07837926,0.18339127,0.12602668,0.19735119,0.12766603,0.16174912,0.018222459,-0.029712815,0.1312494,0.05589743,0.07104354,0.05897649,0.17033309,0.10523298,0.18959701,0.14231999,0.14833051,0.121769175,0.17765915,0.17444196,0.1657241,0.07629538,0.040755816,0.18093044,0.2574154,0.08033928,0.06360533,0.03641157,0.04747417,0.13934673,0.13585664,0.10824772,0.066438615,0.15792982,-0.012079736,0.14109525,0.13340059,0.04503873,0.18006894,0.088721015,0.30208302,0.1580659,-0.014399927,0.107064165,0.09566896,0.08698702,0.1367136,0.13146864,0.053456508,0.09974401,0.2032447,0.088956445,0.13263324,0.07824522,0.04961054,0.12772085,0.0663609,0.039464846
0.20422041,0.062437236,0.17405728,0.14634116,0.103085555,0.13396189,0.07512889,0.32450563,0.44215956,0.9999999,0.31003174,0.23335657,0.10637887,0.20980234,0.037447013,0.1245743,0.092628896,0.10455696,0.13876185,0.07947756,0.2772317,0.24538755,0.098999605,0.020209258,0.12013611,0.1519039,0.27019256,0.0448494,0.23906602,0.17541432,0.20847046,0.13651334,0.113944754,0.30949962,0.19893849,0.2556756,0.23394373,0.13124192,0.07434557,0.13867842,-0.04169207,0.28794247,0.15656015,0.18768653,0.29522812,0.12676595,0.052180786,0.14135212,0.016327025,0.16700055,0.10758587,0.11245798,-0.0040343776,0.08988923,0.017754868,0.13885497,0.035028346,0.013823467,0.106901154,0.09248697,0.1478726,0.12545389,0.037373096,0.24029037,0.187404,0.20450869,0.06990802,0.16071784,0.20727138,0.35040852,0.1775428,0.27308545,0.115833744,0.016452055,0.10202663,0.11357336,0.26654255,0.12197711,0.07423164,0.21634252,0.07136433,0.24342756,0.10908741,0.15036936,0.06355143,0.013715051,0.11928204,0.07084972,-0.022495922,-0.03130695,0.0038060418,0.114155866,0.13843222,0.00903655,0.16363065,0.07353136,0.058195017,0.0034417585,0.07247483,0.11432141,0.08726944,0.17984767,0.08858173,0.19183809,0.09458257,0.027136702,0.024120808,0.017781733,0.016057743,-0.021478953,0.057496097,0.101717174,0.12121907,-0.011147593,0.18609682,0.11993001,0.22910517,0.12423532,0.15680574,0.13919635,0.14855713,0.060196627,0.07067051,-0.017275263,0.11929939,0.11974118,0.06682587,0.015840925,0.06909468,0.1514831,0.17540097,0.039315194,0.078839675,0.074848354,-0.010767482,0.09774054,0.15658514,0.1557717,0.29787886,0.027360018,0.19100857,0.053225264,0.037889265,0.052088596,0.08325438,0.07920098,0.14864366,0.05300579,-0.031199839,0.033677846,0.12601264,0.00507869,0.19345059,-0.04160957,0.030876,0.13885497,0.04834276,0.018310606
0.25694764,0.33478332,0.24403997,0.33874348,0.17622161,0.09425801,0.15410304,0.36553884,0.42783308,0.31003174,1.0000001,0.6136534,0.35196173,0.44923818,0.07134398,0.25799465,0.16771956,0.25688863,0.14450912,0.19884661,0.4966581,0.45744884,0.28102288,0.12058323,0.22465757,0.37350658,0.32209823,0.1273651,0.27034304,0.40264273,0.33747628,0.16193433,0.035282362,0.27307504,0.35283703,0.29621524,0.34626773,0.5145349,0.18912072,0.2526882,-0.017295178,0.36708903,0.26713222,0.32311037,0.46303934,0.14610785,0.19127454,0.17885853,0.041529812,0.04514278,0.20944871,0.19930659,0.079345554,0.009835456,0.11251236,0.10582034,0.14410584,0.077164076,0.13631368,0.15726674,0.008127367,0.1972146,0.10811198,0.2555731,0.22858098,0.10687054,0.2573055,0.11798884,0.2760358,0.3293022,0.37292784,0.20756097,0.108714536,0.055489868,0.28939015,0.2146738,0.3505838,0.3749945,0.0019636676,0.3501376,0.23593308,0.116360575,0.16928577,0.052734535,0.064436644,0.08847216,0.1513178,0.039178304,-0.012047226,0.014682188,-0.018172935,0.26797742,0.09768981,0.16741902,0.17568767,0.05986551,0.105041236,0.14971681,0.056546036,0.17957121,0.11971552,0.100401536,0.20942596,0.2308641,0.18539229,0.112244174,0.15463698,0.111678764,0.17963088,0.08467482,0.06324278,0.053316087,0.1369325,0.36024886,0.3553921,0.1579465,0.3041652,0.17464639,0.2763213,0.3521521,0.28092107,0.087162614,0.18757719,0.12614137,0.22137028,0.056175083,0.1925137,0.051280204,0.024771914,0.27085757,0.24907693,0.24453989,0.15178494,0.14678092,0.046423968,0.1614629,0.15188293,-0.0032870397,0.16118081,0.23374501,0.2772053,0.26937363,0.098352104,0.04415636,0.07725221,0.14795347,0.11441843,0.07201522,0.056630448,0.09138578,0.2917431,0.10433135,0.20379633,0.03940691,0.10303665,0.10582034,0.15486106,0.062173378
0.313305,0.33703303,0.21489938,0.30943295,0.32182124,0.1554444,0.17334357,0.35042897,0.39363933,0.23335657,0.6136534,1.0000001,0.20126711,0.38588476,0.06654644,0.29964358,0.28757215,0.21195534,0.2896842,0.29898408,0.5491931,0.42406163,0.26900753,0.14430337,0.2630646,0.44907415,0.3780377,0.122387215,0.32226777,0.3858496,0.3833315,0.23356882,0.14867558,0.2101736,0.27866137,0.3626568,0.27541304,0.36511657,0.258627,0.3290149,0.057929598,0.39351717,0.20234878,0.33818784,0.42198622,0.18195114,0.29650792,0.27250376,0.1724157,0.039208822,0.1839037,0.19139673,0.08779187,0.051056758,0.13826163,0.0878534,0.0013403161,0.1223525,0.033735696,0.211597,0.15821598,0.23810229,0.15878125,0.32683396,0.2606231,0.10507569,0.2559303,0.13297738,0.2622911,0.21819106,0.30658257,0.28486702,0.20545025,0.064098224,0.30413496,0.23791802,0.22758175,0.29372197,0.06580965,0.2976019,0.041571144,0.085435614,0.17346677,0.07253224,0.08864876,0.14693612,0.1134234,0.071160346,0.030679801,0.03779962,0.025527146,0.2973019,0.2107997,0.2029842,0.14670786,0.09961495,0.033991978,0.12275293,0.13750397,0.12640083,0.112370044,0.12759872,0.18810652,0.22904459,0.1580514,0.13043234,0.1203019,0.1267902,0.11979033,-0.032461196,0.068510406,-0.054219596,0.11249871,0.3871342,0.14625874,0.21147183,0.39356327,0.09935466,0.3793361,0.30621582,0.3025696,0.05097448,0.13490477,0.04425497,0.16037296,0.15367226,0.21070607,-0.0015974799,0.006845733,0.2523648,0.08885584,0.31141782,0.16946267,0.11118415,0.07848288,0.1894162,0.27355537,0.037651874,0.10053821,0.0919593,0.2347544,0.28910664,0.06346379,0.022284614,0.039724126,0.16501965,0.12618425,0.064789936,0.13945198,0.02459957,0.2968885,0.0964869,0.08257187,0.045592066,0.0947324,0.0878534,-0.0009471001,0.12132337
0.22189195,0.18702157,0.1390401,0.20995328,0.20237614,0.028985558,0.16287474,0.1205226,0.27032202,0.10637887,0.35196173,0.20126711,1.0,0.15594165,0.0789984,0.12261969,0.16785645,0.018428277,0.18155164,0.2420397,0.3341508,0.2671802,0.2288298,0.22142744,0.13884275,0.37652308,0.15215872,-0.05313853,0.058246247,0.19412181,-0.012860592,0.060381297,0.046178125,0.11904878,0.14707679,0.09418246,0.22926036,0.21544898,0.1528468,0.25207946,0.06616725,0.17839791,0.15291828,0.15858883,0.17573765,0.11582804,0.16354321,0.14973046,0.072710745,-0.00041895173,0.17940122,0.17588083,0.012339603,0.036355566,0.16368206,0.19152729,0.029452838,-0.011258235,0.18153964,0.15001313,0.034800947,0.22170189,0.026190033,0.03426122,0.08456006,0.050401982,0.11092151,0.14208873,0.17216897,0.23586959,0.19147786,0.2802024,0.15437306,0.18667816,0.19916432,0.061370704,0.20500056,0.25789267,0.14474496,0.170212,0.19968621,0.11989356,0.100012735,0.091751724,-0.041452307,-0.06860284,0.31825808,0.01844802,0.12672856,0.0977553,0.03372553,0.1347726,0.06521057,0.15531492,0.09227128,0.0017248802,0.14413501,0.07368459,0.106007755,0.12175578,-0.052370004,0.1926072,0.19443083,0.18426725,0.1294537,0.17742199,-0.008981638,0.08068137,0.1457235,0.02521636,-0.0008191671,0.03498513,0.02904692,0.10880841,0.2909271,0.16816297,0.3005833,0.23867905,0.16241288,0.27366355,0.110680096,-0.05832584,0.1407944,0.18662924,0.2794544,0.104992434,0.079656616,0.021659378,-0.0038599065,0.07986601,0.25755525,0.090220295,0.080746144,0.16136445,0.10679738,0.0408756,0.067183256,0.019111544,0.1786026,0.23844063,0.15197745,0.13047561,0.057454072,0.17881776,0.029336512,0.07479053,0.1745721,-0.01363313,0.013822459,0.03505202,0.14280623,0.0051468387,0.06467673,-0.0018316451,0.15790445,0.19152729,0.02948673,-0.019343797
0.32652113,0.43357193,0.42347133,0.40778908,0.4779846,0.18573868,0.29463625,0.26010284,0.25895244,0.20980234,0.44923818,0.38588476,0.15594165,1.0000001,0.21133156,0.2982164,0.3688124,0.150281,0.22749402,0.18144573,0.32724714,0.33831686,0.3323551,0.3056751,0.25557598,0.20730601,0.2972814,0.09648903,0.17668216,0.3786917,0.42429572,0.18740532,0.022020228,0.21097365,0.28416577,0.15695363,0.31315583,0.20497225,0.3136348,0.184238,0.10720471,0.29027605,0.16139051,0.20510328,0.26738465,0.25324225,0.08436835,0.31739745,0.3369966,0.055998005,0.15135346,0.11859489,0.056492157,-0.008342149,0.18982756,0.035418972,0.15299475,0.12722586,0.08729031,0.19005552,0.2968427,0.34061137,0.07639389,0.18806094,0.14311634,0.10916602,0.19456625,0.19200991,0.28431165,0.2823176,0.20000505,0.27198356,0.38233688,0.1906679,0.1906423,0.35044882,0.22202119,0.25268638,0.06939433,0.29531318,0.23559722,0.06484335,0.23132563,0.16231687,0.1445196,0.13203265,0.1838837,0.11369935,0.14348906,-0.006453931,0.048757058,0.22665495,0.15671642,0.27036756,0.24866351,0.25793624,0.11959518,0.20232822,0.2836454,0.13198592,0.07449238,0.120360345,0.1747699,0.22362663,0.34626728,0.16950943,0.06594619,0.20297968,0.1305272,0.04575244,-0.03328331,0.006871823,0.104056224,0.4344606,0.30126494,0.0764682,0.24491653,0.159364,0.14000742,0.19349082,0.36836553,0.097083405,0.15682705,0.12265073,0.13238956,0.013483861,0.2578411,0.06560098,0.09586157,0.38096273,0.1472624,0.37579665,0.21705851,0.20031664,0.034565467,0.13170877,0.080095336,0.09857206,0.21720926,0.18009089,0.34412417,0.22385786,0.06455114,0.023163829,0.061850913,0.18489099,0.30718046,0.09859655,0.08267488,0.10867101,0.2247608,0.082017094,0.07628777,0.06010378,0.14712788,0.035418972,0.0818196,0.11081615
0.21628644,0.19382998,0.18491134,0.21814755,0.4589464,0.21448119,0.21152496,0.22262453,0.1581392,0.037447013,0.07134398,0.06654644,0.0789984,0.21133156,0.99999964,0.41698813,0.05908365,0.050421175,0.13976221,0.20795313,0.062473815,0.13491943,0.114444,0.24414065,0.20672208,0.0894921,0.15079391,-0.029747616,-0.044028144,0.013264595,0.12007147,0.25473982,0.16300046,0.08974221,0.11697255,0.18481828,0.030941617,0.119248435,0.17684126,0.26990953,0.31657627,-0.027443148,0.108813465,0.105793625,0.12421916,0.1424962,0.15037677,0.23858121,0.12059126,0.17742756,0.21810585,0.12998065,0.088190705,-0.054736458,0.10254315,0.100202665,0.15243845,0.18929294,0.043886855,0.04826911,0.22345816,0.3305476,0.05175329,0.30253512,0.23686677,0.03590142,0.1781146,0.07398958,0.056557745,-0.04331778,0.005828835,0.024502391,0.19004686,0.19595708,0.04770822,0.004498789,-0.029149082,-0.074581124,-0.030845352,-0.10098612,0.039417353,0.11622761,0.12788145,0.2074117,0.10685327,0.1021591,0.1747338,0.26358756,0.22287305,0.10285625,0.19675386,0.08577527,0.10681817,0.24696343,0.034441136,0.0032605077,0.22053577,0.27139315,0.17077096,0.2051796,0.068820134,0.055306576,0.17536564,0.089689314,0.06075292,0.2683821,0.17838702,0.1503447,0.027775299,0.11126447,0.10706343,-0.006175358,0.107500255,-0.011258188,-0.03335196,0.02267126,-0.012747338,-0.14502648,0.020561531,-0.015551564,-0.016427085,0.15432522,-0.002900864,0.014175359,0.17561701,0.06377361,0.114934355,-0.005382045,0.18497232,0.06833112,0.12873921,0.11548141,0.22321275,0.21939014,0.15285632,0.28125513,0.11647196,0.083495535,0.14262976,0.07449251,0.01238341,-0.00017296337,0.09339491,0.10810626,0.17541079,-0.012823058,0.08667607,0.22219767,0.32181782,0.3185788,-0.009894019,0.15102293,0.06312037,0.16531038,0.13482814,0.100202665,0.013359301,0.20120701
0.19418202,0.38469732,0.16134298,0.15894416,0.38937378,0.46542487,0.13352662,0.31297153,0.13260746,0.1245743,0.25799465,0.29964358,0.12261969,0.2982164,0.41698813,1.0,0.23777673,0.17871852,0.24508312,0.37931764,0.23724325,0.29321092,0.37025872,0.27857605,0.41008985,0.4083714,0.1458031,0.10123179,0.17712812,0.23264872,0.29847652,0.4088745,0.193842,0.24132515,0.32965603,0.30975413,0.15161273,0.23388918,0.46443292,0.3175949,0.34011006,0.14256613,0.20576192,0.32186192,0.26880267,0.31056958,0.33766937,0.2611396,0.0061964113,0.12867074,0.13300101,0.2011988,0.051088925,-0.010817619,0.14642633,0.110864446,0.08728281,0.23532239,0.081790805,0.21198529,0.16234224,0.34588808,0.18491322,0.41607058,0.275479,0.18199877,0.34595308,0.21783222,0.105428085,0.12035544,0.1923457,0.22341137,0.40378076,0.43439683,0.41812888,0.15473045,-0.0038625486,0.19622342,0.098071605,0.26891792,0.17750698,0.22833434,0.29468033,0.33513987,0.113632575,0.19792701,0.42344424,0.22215304,0.18118271,0.09384191,0.24319156,0.32877976,0.28088474,0.29841965,0.15534899,0.06280453,0.25468796,0.25740123,0.104562365,0.18865132,0.17160943,0.20479429,0.2831452,0.3123617,0.17410299,0.30176446,0.3240489,0.26360643,0.004357651,-0.08463498,0.11370546,0.057491556,0.21382138,0.1454669,0.1699232,0.010889977,0.19681369,-0.001728598,0.29396597,0.20772754,0.17331514,0.18597828,0.034582432,0.000282472,0.10366982,0.21063492,0.3818104,-0.08918535,0.1628413,0.2100988,0.030841911,0.3384271,0.36715856,0.25645,0.27434653,0.23027253,0.11442706,0.1824409,0.18938419,0.06827884,0.07950734,0.1994678,0.11741177,0.08274238,0.10692681,0.14313297,0.111772574,0.10184027,0.21406403,0.3054344,0.2983058,0.20513488,0.17745197,0.22478944,0.22255401,0.110864446,-0.042719085,0.24459043
0.33387065,0.39557672,0.28503928,0.26549152,0.368149,0.16484292,0.124548025,0.046537094,0.17328233,0.092628896,0.16771956,0.28757215,0.16785645,0.3688124,0.05908365,0.23777673,1.0,0.17624737,0.38029855,0.12524927,0.15078007,0.2407446,0.42319813,0.41922283,0.27474427,0.24125795,0.18950427,0.18783155,0.38140407,0.40816653,0.402266,0.0465271,0.07713671,0.15011953,0.21990952,0.2025569,0.090329565,0.0749937,0.27303794,0.26785693,0.24131538,0.18197374,0.1060237,0.07677917,0.18684512,0.19276857,0.15504235,0.35184848,0.40794164,0.092661515,0.10777408,0.17641573,-0.00026511727,-0.02516476,0.26386315,0.026800817,0.05589851,0.0740942,0.24061956,0.15352333,0.3381058,0.22581664,0.101809464,0.061874088,0.16127159,0.0981078,0.20528814,0.13103083,0.14453174,0.07845053,0.05808405,0.17038906,0.273718,0.14325874,0.028061155,0.1920706,-0.015227209,0.1593764,0.044999186,0.22277223,0.35688403,0.143683,0.21647891,0.13060604,0.18818185,0.108888984,0.30622292,0.13336875,0.15921998,0.15192871,0.14554936,0.2752652,0.23998304,0.18174297,0.2358649,0.2765112,0.14122033,0.17754404,0.41320014,0.025275595,-0.025292264,0.095607005,0.079206556,0.042723823,0.29012668,0.0039582923,-0.019764436,0.19344689,0.06141995,-0.040408984,-0.08869041,-0.044817217,0.015605424,0.19107442,0.06259702,0.044666,0.15435845,0.12811492,0.15377991,0.17408532,0.28744712,0.18477423,0.034047935,0.051976196,0.12271081,0.05046417,0.2190327,0.1325853,0.15936443,0.28127566,0.036669925,0.24204765,0.12277425,0.0331892,0.07040185,-0.007818824,0.0722082,0.1299316,0.18922871,0.14652164,0.19886395,0.14039539,0.0015716068,0.071057476,-0.013687607,0.21611008,0.46425676,0.09709251,0.18171415,0.1648694,0.20153216,0.09903686,-0.010131519,-0.013633322,0.28061146,0.026800817,0.0042836852,0.09975578
0.13192081,0.20204493,0.12896544,0.18037203,0.116706684,0.20955847,0.018372364,0.24792725,0.1372467,0.10455696,0.25688863,0.21195534,0.018428277,0.150281,0.050421175,0.17871852,0.17624737,1.0000001,0.17969589,0.17882285,0.086548716,0.10341309,0.263632,0.13955292,0.13921812,0.13305552,0.20141508,0.25615656,0.31014517,0.23922005,0.2506971,0.059341926,-0.062236562,0.19169493,0.27170447,0.30684865,0.062659115,0.18320188,0.1363788,0.044037126,0.337258,0.037999745,0.106848255,0.11171673,0.17374167,0.181218,0.11930174,0.08515283,0.10902964,0.15681194,0.123645015,0.22128314,0.124965444,0.2360463,0.17582846,0.042434182,0.14564285,0.2800417,0.22340095,0.27619123,0.11923763,0.14031816,0.2512849,0.16564912,0.07831906,0.027935447,0.19194081,0.16536392,0.13111198,0.019430555,0.10940569,0.019708248,0.13242134,0.10147126,0.041066542,0.18926111,0.078335315,0.029763373,0.17747682,0.14901976,0.16879821,0.25262034,0.1989581,0.20754465,0.4137842,0.46751732,0.16979861,0.071151696,0.18938479,0.14806801,0.2739008,0.096665315,0.07442148,0.22511405,0.17047405,0.13788202,0.08625683,0.30174598,0.094645105,0.14279267,0.2730664,0.018197136,0.027832605,0.16149758,0.1614832,0.012291185,0.17198835,0.2255282,0.16858178,0.28915364,0.09971359,0.012360522,0.04775345,0.09998718,0.08879147,0.06008035,0.06560494,0.12749326,0.08693612,0.08104728,0.2526678,0.5049835,0.1810889,0.007987831,0.12796298,0.13719992,0.18936738,0.24998733,0.35025287,0.038884748,0.049917907,0.12030146,0.03137688,0.05795669,-0.025118649,0.15299846,0.07897004,0.022881038,0.11560614,0.0904235,0.048178334,0.093036056,0.022650864,0.13445881,0.22753018,0.31970406,0.23304114,0.099839136,-0.00030636892,0.3141122,0.16352046,0.10324879,0.032707058,0.10575043,0.16828954,0.042434182,0.1426872,0.30202433
0.2835603,0.20278546,0.2094283,0.25589913,0.4515986,0.27954286,0.13603935,0.228543,0.2000005,0.13876185,0.14450912,0.2896842,0.18155164,0.22749402,0.13976221,0.24508312,0.38029855,0.17969589,1.0000002,0.23617227,0.20377508,0.26552862,0.24445711,0.37221515,0.3255611,0.3358105,0.1600189,0.21422407,0.31186956,0.2662247,0.27522263,0.14726242,0.30062443,0.14848174,0.31111088,0.25530782,0.053611726,0.03034064,0.22828686,0.24440907,0.13223554,0.1638319,0.060598496,0.15136203,0.23695652,0.37377828,0.24636033,0.36625147,0.39096585,0.07762092,0.10358104,0.3229466,0.10825405,0.2496838,0.12173234,0.05089647,0.014508283,0.1595003,0.24720965,0.30981225,0.44120783,0.25295937,0.15670578,0.28455484,0.19771817,0.14474432,0.14236368,0.1245537,0.17248946,0.19777572,0.12346367,0.2714899,0.26583117,0.11733535,0.059029747,0.13740985,0.0438302,0.14802526,0.0687183,0.23308407,0.19937134,0.178988,0.26523072,0.19222158,0.24977708,0.18748346,0.29270023,0.021915175,0.08690509,0.095587164,0.21832547,0.38746947,0.36273056,0.21886696,0.22905992,0.30194,0.15894634,0.14199054,0.38736194,0.14173096,0.10091439,0.042684656,0.20594807,0.095031835,0.1003845,0.07864241,0.14584284,0.09127954,0.17838839,0.088064514,0.09484034,0.036181755,0.08563965,0.075040296,0.023131154,0.009443362,0.1561391,0.05112511,0.15857239,0.15802824,0.12424764,0.13627794,0.037574433,-0.04917094,0.2081579,0.071296796,0.1052334,0.004949484,0.049956765,0.3025087,-0.04668837,0.29611227,0.1426953,0.106650375,0.031137489,0.09734056,0.26140928,0.15789437,0.18053281,0.14886707,0.21014926,0.12133267,-0.11650072,0.027293352,0.082268074,0.116265304,0.34189156,0.086785264,0.09627676,0.12229367,0.16530949,0.12887993,0.036678564,0.10770377,0.17808487,0.05089647,-0.04585459,0.1684267
0.056235142,0.19603181,0.10550117,0.07375715,0.24835396,0.31517327,0.065255195,0.19706713,0.14340678,0.07947756,0.19884661,0.29898408,0.2420397,0.18144573,0.20795313,0.37931764,0.12524927,0.17882285,0.23617227,1.0,0.21684603,0.16615707,0.23639713,0.34271574,0.4089092,0.31394625,0.050636448,0.050990604,0.0852716,0.28307733,0.13870302,0.38385504,0.19477707,0.30322915,0.17800283,0.24475142,0.15477705,0.21828836,0.38773227,0.2376704,0.2676259,0.1400545,0.027532518,0.17612468,0.09424679,0.3070959,0.46149713,0.2979408,0.09764903,0.11141288,0.31064788,0.34848064,0.15990548,0.07843033,0.2582552,0.07908431,0.117441446,0.20163193,0.17460097,0.2624313,0.21970692,0.18317929,0.11660951,0.30269206,0.0666943,0.16053325,0.2820741,0.1331201,0.10036117,0.06966665,0.1353075,0.19269076,0.43183172,0.33784705,0.23389956,0.06689747,0.03246035,0.11714092,0.14297682,0.16345501,0.21784222,0.13958956,0.36933914,0.46607345,0.07827628,0.10682139,0.36936778,0.23016457,0.033665847,0.09840236,0.20038652,0.26927784,0.3391269,0.36332834,0.25639087,0.1510667,0.339759,0.25787878,0.25656283,0.30961034,0.2764759,0.19678411,0.26685464,0.19089012,0.18373387,0.30038086,0.36152327,0.20501901,0.17544429,0.0850897,0.12257397,0.13221857,0.16703251,0.13934246,0.16721705,0.021944743,0.2324874,0.04049048,0.23706706,0.29071203,0.2140518,0.070802115,0.011675908,0.022746652,0.0890766,0.21059805,0.27502406,0.026078455,0.13391262,0.23274454,0.011757525,0.25479975,0.38177404,0.14454831,0.05525573,0.18515196,0.22431846,0.0841821,0.2241456,0.07260327,0.020345844,0.22622566,0.21718529,0.16027398,0.22995344,0.14840975,0.07909269,0.08856456,0.28087494,0.284437,0.18441266,0.2524396,0.33001512,0.25324047,0.3622018,0.07908431,0.06980047,0.21277043
0.37976205,0.37842825,0.2639941,0.32531592,0.2593268,0.26334947,0.22739652,0.27676213,0.35612136,0.2772317,0.4966581,0.5491931,0.3341508,0.32724714,0.062473815,0.23724325,0.15078007,0.086548716,0.20377508,0.21684603,1.0,0.32754895,0.33467722,0.1615907,0.41169068,0.42308223,0.21348818,0.08461841,0.22496638,0.3408756,0.2300743,0.27193913,0.07298742,0.29416516,0.2818474,0.35463744,0.2484445,0.35429603,0.24955577,0.23423871,0.064183086,0.39819863,0.2494996,0.3061099,0.440848,0.20180944,0.24579231,0.28454188,0.09788962,0.13707463,0.18217286,0.04626539,0.040628172,0.05187434,0.035378695,0.054175872,0.058294423,0.09514317,0.061132304,0.21077663,0.2467553,0.3001182,0.1256173,0.33198637,0.17289549,0.13921228,0.21403806,0.20978495,0.29679474,0.29945412,0.3277896,0.25671333,0.252605,0.16177896,0.33339953,0.17511353,0.2790864,0.28738979,-0.017421816,0.30963993,0.061950527,0.13157284,0.21224958,0.035221376,-0.008287034,0.05532944,0.07690712,0.05611164,0.122122794,0.06499446,0.1057081,0.35523155,0.26976445,0.20135066,0.18157984,0.10421029,0.0917972,0.08433737,0.119799316,0.16467655,0.116128206,0.16506487,0.23162645,0.19830249,0.22202277,0.21699879,0.08559322,0.12874134,0.075520314,-0.0036041029,0.07632005,0.049843486,0.24343188,0.21435729,0.15688573,0.1566972,0.25364733,0.11701538,0.32162592,0.17191817,0.27032188,-0.014221322,-0.015891034,0.09776943,0.27661368,0.114432365,0.16025576,-0.07413473,0.015275753,0.2570294,0.10202088,0.30880985,0.19730708,0.18728632,0.10338792,0.22131978,0.17051998,0.06286054,0.13264075,-0.0011522723,0.23022172,0.32841188,0.069568515,0.029218946,0.051104695,0.1660213,0.15242912,0.018304912,0.108061664,-0.02730793,0.29025602,-0.044077244,0.024309054,-0.012771613,0.16366705,0.054175872,0.03950991,0.095583275
0.27615148,0.1997231,0.31014422,0.3087794,0.24835658,0.07411841,0.21772227,0.33002216,0.4593743,0.24538755,0.45744884,0.42406163,0.2671802,0.33831686,0.13491943,0.29321092,0.2407446,0.10341309,0.26552862,0.16615707,0.32754895,1.0000002,0.33867216,0.16901116,0.14455822,0.26431754,0.31881955,0.07366583,0.24626562,0.27723882,0.31111348,0.26481673,0.045240268,0.2342503,0.2459622,0.22288993,0.26086494,0.25242645,0.17762111,0.23456271,0.011776305,0.36686593,0.20132203,0.22680259,0.37134403,0.087411635,0.21267961,0.29035103,0.14932257,-0.015863977,0.15274048,0.103306495,0.08306808,0.03048987,0.096689045,0.16586539,0.031056173,-0.016569447,0.018210465,0.11461954,0.10352905,0.3440312,0.14896338,0.14565805,0.28212392,0.10168824,0.15076885,0.12559626,0.22843654,0.24123749,0.22885635,0.27511078,0.11911184,0.06320079,0.25488883,0.19392377,0.23875366,0.14942649,0.16074531,0.32390702,0.18727219,0.024235781,0.14443435,0.18060955,0.05681146,0.06845193,0.22818214,0.14360109,0.017969726,0.026390558,0.055758364,0.23082264,0.114513814,0.1778344,0.16794299,0.12903123,0.05088569,0.109946996,0.19068453,0.02921333,0.044923935,0.2107656,0.20997879,0.18649183,0.14030811,0.117843084,-0.000843395,0.1538552,0.107315585,-0.023908257,0.059830442,0.06388657,0.20488918,0.2784394,0.24114344,0.12858056,0.26002267,-0.009148048,0.21387663,0.19968645,0.16252802,0.051715456,0.1870716,-0.0035793066,0.18474711,0.07606212,0.050928198,0.10340513,0.036655065,0.28474596,0.10136353,0.13970219,0.26470423,0.10301308,0.15214372,0.11874856,0.21466069,0.029066447,0.28339732,0.16358122,0.30033776,0.2251205,0.07804572,0.043364737,0.09068791,0.025953433,0.19070253,0.019437972,0.12375018,0.059616543,0.20841809,0.057363197,0.06631435,0.09765107,0.05633141,0.16586539,0.06368661,-0.010315832
