0,1,2,3,4,5,6,7,8,9,10,11,12,13,14,15,16,17,18,19,20,21,22,23,24,25,26,27,28,29,30,31,32,33,34,35,36,37,38,39,40,41,42,43,44,45,46,47,48,49,50,51,52,53,54,55,56,57,58,59,60,61,62,63,64,65,66,67,68,69,70,71,72,73,74,75,76,77,78,79,80,81,82,83,84,85,86,87,88,89,90,91,92,93,94,95,96,97,98,99,100,101,102,103,104,105,106,107,108,109,110,111,112,113,114,115,116,117,118,119,120,121,122,123,124,125,126,127,128,129,130,131,132,133,134,135,136,137,138,139,140,141,142,143,144,145,146,147,148,149,150,151,152,153,154,155,156,157,158,159,160,161,162,163,164,165,166,167,168,169,170,171
1.0,0.30969873,0.06650728,0.14153825,0.41641834,0.15761526,0.47066283,0.19378944,0.26026344,0.105297364,0.19563639,0.19852337,0.31127328,0.024870936,0.10581994,0.33836824,0.07988861,0.11680026,0.24523115,-0.011746895,0.24390733,0.22357993,0.031071058,0.23092295,0.17201823,0.20516048,0.13386102,0.49838883,0.07701285,0.018484216,0.026982628,0.14888018,0.36443245,0.38502017,0.1333068,0.12926227,0.5623832,0.16350067,0.38098547,0.1146089,0.31733707,0.14515987,0.15524387,0.1290574,0.17420344,0.06566587,-0.005906821,-0.029219776,0.13562906,0.065725,0.3046255,0.29611433,0.30024981,0.08307762,0.25481752,0.105409026,0.08586759,0.19894108,0.06006108,0.14461225,-0.02958266,0.035582546,0.059151433,0.09308664,0.1773614,0.42262036,0.2961248,0.09716247,0.13170663,0.0998973,0.12859213,0.05678336,0.23745742,0.43335712,0.45312458,0.3566182,0.27809113,0.29622364,0.20776662,0.11898084,0.07166557,0.019080844,0.30371338,0.24645667,0.17100123,0.22350466,0.28864533,0.042522736,0.070396245,0.13590577,0.0675976,0.29463053,0.10767074,0.10271658,0.17908177,-0.053807043,0.041336756,0.033728234,-0.029219776,0.04126477,-0.029219776,0.09426665,0.061757006,0.063404754,0.04523184,-0.037527237,0.079217166,0.10855317,0.13470998,0.19705138,0.083513185,0.16165787,0.106131926,0.077052586,0.10791287,0.075080045,0.061089315,0.1250837,0.22071768,0.17491321,0.2175842,0.21408954,0.15376784,0.04179298,0.08454694,0.022314046,0.15404,0.15455751,0.10189364,0.016695283,0.10338397,0.14995837,0.032097414,0.07561594,0.119783014,0.05853518,0.10872518,0.122385204,0.052081063,0.1890867,0.059495732,0.06740358,-0.0070733,0.024845667,0.16078557,0.0976723,0.074518085,0.07993172,0.29825455,0.1495715,0.07835437,0.15948641,0.106478795,0.0850213,-0.026661001,0.1216631,0.08183398,0.42980713,0.20918667,0.202167,0.3820091,0.12818497,0.0797241,0.09679134,0.13785236,0.42551768,0.06785001,-0.016607136,0.04424208,0.023730561,0.01370157,0.13164973
0.30969873,0.99999976,0.12110156,0.18676603,0.30017364,0.4059086,0.2604867,0.14970861,0.31410274,0.15946221,0.19163856,0.27812967,0.40677676,-0.011629531,0.19777922,0.1885665,0.02388011,0.07616655,0.15656333,0.15238681,0.40437508,0.43162268,0.14789666,0.17171139,0.21566586,0.2065498,0.11246501,0.28049177,0.08775468,0.05088447,0.048091047,0.047701865,0.3385232,0.21337745,0.18744162,0.16615662,0.34118885,0.11832261,0.18033305,0.014801778,0.18089904,0.3036306,0.16508937,0.28678238,0.10187991,0.07609624,-0.015996411,-0.08305886,0.14850475,0.012916122,0.20945987,0.20920229,0.31083563,0.11794823,0.20715116,0.17111072,0.0864466,0.3810015,0.10420339,0.061798595,0.05564081,0.038135577,0.2125425,0.09582395,0.10859269,0.29068336,0.015395334,0.1431419,-0.01301864,0.09040466,0.1890653,-0.0051056296,0.13126287,0.27627346,0.23843469,0.10644908,0.31127593,0.06719877,-0.017137716,0.15756564,0.05226739,0.05706344,0.1443387,0.27181184,0.081304334,0.22662707,0.3354125,0.07635288,0.08941545,0.18640265,0.09199473,0.36667797,0.16908242,0.015780991,0.061175022,-0.014854587,0.049727827,0.03947521,-0.08305886,-0.053406116,-0.08305886,0.053440742,0.02522156,-0.013774903,0.076350115,0.06422636,0.04605274,0.038091563,0.1537519,0.15575722,0.012043143,0.084059045,0.09174659,0.1449408,0.074594915,0.062203445,0.047582686,0.14439838,0.23483697,0.19087651,0.14652053,-0.004360426,0.20635353,-0.020254085,0.14154103,0.062492963,0.28583476,0.13196395,0.1435411,0.16525035,0.102367766,-0.058712006,0.16581653,0.054609045,0.23612371,0.022945924,0.08919755,0.07406481,0.22577843,0.3397125,0.10263749,0.18464059,0.017489184,-0.03353872,0.058343317,0.1617526,0.21141683,0.014216257,0.0050555756,0.06578618,0.12739782,0.06287964,0.26224083,0.23831335,0.2058712,0.17537273,-0.03140728,0.180702,0.20313156,0.3408505,0.11718153,0.2137545,0.1098323,0.037114386,0.07877196,0.24005193,0.18035804,-0.009515147,0.039584182,0.1129207,0.03675575,0.25741538
0.06650728,0.12110156,1.0,0.2563987,0.14042674,0.12563536,0.12959847,0.0048584044,0.14753816,0.24529251,0.1101779,0.19572645,0.34643263,0.5808799,0.27448878,0.2354511,0.22515197,0.066912904,0.4192642,0.2927827,0.29128474,0.1950838,0.27331534,0.2659134,0.5088507,0.4359563,0.23014091,0.07577929,0.058034144,0.10532218,0.08208601,0.2446908,0.18347992,0.234192,0.29738444,0.27987084,0.13500705,0.40163517,0.0923982,0.24553595,0.22586524,0.10592777,0.12802462,0.08010151,0.41435027,0.23235404,0.21765336,-0.14251328,0.32377094,0.31333408,0.07132261,0.10678128,0.1563674,0.26447713,0.3573004,0.45312592,0.31998616,0.053851247,0.07106508,0.10620195,0.16020598,0.24221957,0.17740723,0.13094199,0.35947996,0.3023213,0.32136133,0.17262554,0.10237231,0.12747979,0.19253075,0.04856912,0.06523995,0.10453335,0.10306777,0.06170501,-0.0030507166,0.055425517,0.12184844,0.2656968,0.40897292,0.26866567,0.16560674,0.035839953,0.13704026,0.044597723,0.15244041,0.09716915,0.197412,0.1823216,0.017163571,0.21884213,0.2734298,0.10946176,0.2396001,0.22225265,0.26608,0.44995221,-0.14251328,0.015599059,-0.14251328,0.05489829,0.25168476,0.23163609,0.14022145,0.20786858,0.37404144,0.2882169,0.27624524,0.26418033,0.34823725,0.20627335,0.2798857,0.42548868,0.24114832,0.06463803,0.083608575,0.2004438,0.08424191,0.043127626,0.33696193,0.14718397,0.2757343,0.15917525,0.27704042,0.13859285,0.21015656,0.01753737,0.13721277,-0.0037207063,0.065999426,0.1758659,0.28158563,-0.000728257,0.07996664,0.20921363,0.2383025,0.18010786,-0.015199099,0.056441613,0.121108525,0.09132313,0.06299175,0.038958512,0.16645542,0.38646966,0.23764539,0.027516587,0.08984724,0.15844986,0.07729077,0.2426633,0.31239936,0.24395451,0.15149406,0.17802007,0.06830055,0.1274552,0.14853877,0.13422191,0.118568264,0.19904971,0.2504295,0.22082934,0.2727226,0.16003951,0.02906618,0.1809574,0.0011201026,0.20657797,0.20629302,0.21066391
0.14153825,0.18676603,0.2563987,0.9999999,0.1688129,0.21451586,0.05070367,0.03973429,0.15926403,-0.05125893,0.20464396,0.18334267,0.28101227,0.28685796,0.40630645,0.04832997,0.16883455,0.30190614,0.21105944,0.35314772,0.2905808,0.061405238,0.25566012,0.29269814,0.3150567,0.38143408,0.40720156,0.09869904,0.008622355,0.24519388,0.2935637,0.019172776,0.16388342,0.3134625,0.27795705,0.17600453,0.20267639,0.34203386,0.29575494,0.34242165,0.12919576,0.16274309,0.020453265,0.14018363,0.22429943,0.37122163,0.16914052,0.12572679,0.31002772,0.27927512,0.12045477,0.20627207,0.3166976,0.48529917,0.2651809,0.22359416,0.33112034,0.2155695,0.26055858,0.1435048,0.09352777,0.14694954,0.15844592,0.33182108,0.2214038,0.3373183,0.39443582,0.14564727,0.17329371,0.23205066,0.41697,0.021282777,0.24423733,0.28997418,0.24285497,0.08072892,0.2747069,0.08613799,0.03371522,0.12492432,0.28134888,0.2170971,0.13414983,0.23829046,0.2301214,0.11757572,0.10572031,0.03174134,0.20580246,0.13472398,0.060758084,0.17159536,0.14167246,0.29885298,0.17372619,0.10995518,0.28040776,0.24992031,0.12572679,0.20723511,0.12572679,0.24225584,0.33837074,0.20201007,0.110434026,0.18723156,0.18257588,0.37673417,0.35302305,0.27485916,0.20095423,0.2732772,0.20444277,0.15650629,0.16792253,0.12868787,0.22800389,0.26659438,0.1791628,0.1361584,0.2991883,-0.006949853,0.2021805,0.28547275,0.31727678,-0.0093366755,0.20424996,-0.013251739,0.021699246,0.029462095,0.15635818,-0.033808332,0.094420634,0.1515764,0.16735342,0.20796712,0.10011302,0.0928366,0.06846526,0.1560486,0.15705141,0.3280818,0.0362667,0.06936914,0.2539442,0.24481887,0.20940778,0.11088698,0.11815947,0.25728357,0.05974414,0.20355135,0.24782076,0.1943793,0.16719049,0.43503177,0.028972479,0.31657347,0.21410337,0.10122909,0.23405606,0.24161601,0.12919378,0.13183372,0.2598206,0.25515723,0.27277306,0.04265343,0.06539251,0.120893925,0.13701807,0.12793475
0.41641834,0.30017364,0.14042674,0.1688129,1.0,0.1695408,0.13650699,0.08783288,0.24498978,0.108897686,0.364243,0.10549635,0.32239902,0.12338116,0.07400534,0.23424405,-0.006616729,0.024296455,0.21313357,0.04180675,0.30665827,0.21925697,0.07589784,0.1717374,0.059604406,0.062066887,0.009350285,0.31613323,0.15633288,0.010126909,0.03181214,0.093593694,0.23940273,0.13584426,0.110590205,-0.0068217297,0.38465747,0.095580235,0.12002437,0.059158128,0.27536544,0.26544493,0.15543114,0.3142032,0.12210468,-0.0038470246,0.07082347,-0.06844966,0.15165475,0.03876694,0.30364746,0.16226849,0.3029667,0.18385708,0.40160966,0.32937258,0.052362587,0.087049276,0.021095308,0.0609489,-0.023903674,-0.014743608,0.12251947,0.08761261,0.27620637,0.27630827,0.08896555,0.175596,0.16802216,0.15018538,0.1397579,-0.020616928,0.18691057,0.2771719,0.3541776,0.18697616,0.26577568,0.25002488,0.12134735,0.1770659,0.099069856,0.0727734,0.35577667,0.3625258,0.14551383,0.36879647,0.33269396,0.02336583,0.32964116,0.17636585,0.1202276,0.1339685,0.17932037,0.14670447,0.20310897,0.07364263,0.06886174,0.20912378,-0.06844966,0.024375504,-0.06844966,0.090948164,0.16172549,-0.0049238987,0.14393374,0.16933715,0.115801014,-0.049397103,0.1437146,0.119455494,0.021908557,0.08870725,0.048050616,0.15026316,0.026694871,-0.015460891,0.11183199,0.18644348,0.17039897,0.17646295,0.14401637,0.25219768,0.16531298,0.022474768,0.075884484,0.012862684,0.112759285,0.23513833,0.14942822,0.12920809,0.120071836,0.20479721,0.17077498,0.19402435,0.20809826,0.07604867,0.17695461,0.21899144,0.05635013,0.1554344,0.01838997,0.018331142,0.14012572,-0.020216916,0.20666733,0.31263775,0.27011153,-0.07043764,0.21593495,0.17810467,0.14881794,0.15355463,0.14383543,0.1731258,0.19119848,0.110268086,0.06572171,0.3387845,0.34038377,0.22380695,0.33146328,0.2999854,0.081584916,0.04859677,0.12765142,0.31594846,0.017539803,-0.13157558,0.06363867,-0.024281697,-0.06512292,0.18487838
0.15761526,0.4059086,0.12563536,0.21451586,0.1695408,0.99999994,0.34881505,0.18979234,0.27995723,0.30064166,0.09927977,0.3045486,0.35633293,0.06290593,0.21110639,0.115592495,0.074031636,0.27219936,0.16831395,0.23419502,0.2734282,0.31417215,0.26802164,0.13099426,0.22772326,0.15641792,0.17665069,0.2934926,0.18291603,0.24566846,0.25618646,0.2134496,0.33415633,0.24010092,0.17024426,0.12247403,0.28624046,0.17734852,0.33093983,0.0013637114,0.192999,0.25034776,0.12722392,0.19388796,0.12269388,0.1782329,-0.0012941482,0.1850203,0.20639928,0.0854643,0.28390327,0.18184257,0.3575692,0.20149904,0.16166519,0.18271708,0.099954866,0.38554567,0.20142134,0.22198486,0.0014906786,0.106275454,0.2085845,0.2818474,0.05423878,0.23784769,0.1885422,0.21462718,0.17486483,0.09492345,0.22798985,0.23328733,0.20902121,0.38764375,0.16411294,0.1038258,0.31758344,0.056154817,0.15263094,0.09899418,0.039881025,0.089096025,0.11336805,0.36019656,0.09843262,0.29498458,0.23936015,0.13378577,0.23215878,0.20976952,0.0637812,0.39503223,0.1382154,0.17408195,0.03274642,0.05629831,0.16105793,0.061341695,0.1850203,0.08865516,0.1850203,0.13924909,0.07607554,0.122812696,-0.0032313964,0.07697643,0.13919076,0.15829483,0.15152797,0.09076145,0.1254628,0.04058476,0.07679196,0.1731834,-0.029577801,0.08854941,0.1298925,0.15797466,0.20038292,0.22956747,0.10661584,0.0521122,0.09916952,0.0560916,0.14246671,0.043228775,0.15332344,0.1410154,0.13995135,0.26734185,0.059780415,0.031595804,0.26731306,0.11054658,0.2611025,0.12880269,0.17903695,0.19428511,0.09283354,0.19701897,0.1318619,0.36319587,0.04846821,0.062527746,0.07290163,0.16208233,0.12332687,0.046395626,0.0155700315,0.040959597,0.13565224,0.07561133,0.14985184,0.18084493,0.109550945,0.17679635,0.10186235,0.10145842,0.15529856,0.26357648,0.16513927,0.1649404,0.08703144,0.10323812,0.102741584,0.1607969,0.20019943,-0.009833442,-0.058154244,0.16833763,0.09188582,0.15698668
0.47066283,0.2604867,0.12959847,0.05070367,0.13650699,0.34881505,1.0,0.33547086,0.3160139,0.28611025,0.14662121,0.4144709,0.26847377,0.038106948,0.11414371,0.14276655,0.03880331,0.12612274,0.17026033,0.062919974,0.3521244,0.44981223,0.2745768,0.042811576,0.105226696,0.1363281,0.14330107,0.5195228,0.18957658,0.09171504,0.061047282,0.11553526,0.32348815,0.375733,0.1224806,0.046153482,0.34903008,0.28221,0.5812034,0.086268485,0.1630446,0.14487147,0.096256286,0.10335185,0.059713162,0.06762483,-0.03368254,-0.017436426,0.22936782,0.011761893,0.38903487,0.24912596,0.41850644,0.2173106,0.12800658,0.07795644,0.114624135,0.21309577,0.014890857,0.1440016,-0.005196346,0.05773952,0.054399215,0.062729046,0.049507078,0.37941027,0.29355273,0.19063216,0.093696415,0.014350707,0.116965525,0.05020508,0.043836758,0.33047774,0.3613328,0.21546718,0.23215027,0.0869286,0.13671915,0.06742038,-0.010469604,0.090510346,0.17947842,0.16737573,0.12061067,0.2246271,0.23531114,0.15738851,0.0731429,0.22498485,0.035397995,0.31066486,0.08694543,0.05663981,-0.059046574,-0.022419203,0.055474766,0.04329461,-0.017436426,0.024365278,-0.017436426,0.04781645,-0.063726306,0.0630819,0.047232825,-0.048646674,0.09544691,0.13859795,0.10523572,0.06091911,0.07370489,0.006877987,0.0990419,0.16617951,0.12349818,0.075485855,0.03315334,0.14306937,0.21901563,0.19455555,0.07275114,0.113677755,0.16734321,0.0077936724,0.010767966,0.038940474,0.16241205,0.16745019,0.2031754,0.081031166,0.038330406,0.174123,0.15586416,0.13210839,0.16908854,0.061167616,0.08640464,0.09100139,0.04878,0.23413056,0.15671086,0.12006958,-0.06695396,0.020873342,0.07027793,0.1277714,0.09310268,0.13572112,0.08573352,0.016846761,0.12458064,0.060418643,0.09478081,0.12658867,0.01412072,0.14024031,0.16350037,0.18704197,0.175764,0.26954952,0.21421367,0.0819197,0.017587835,0.075125836,0.11472002,0.2246262,0.082627945,0.04774197,-0.053658076,0.039414696,0.037236862,0.0655853
0.19378944,0.14970861,0.0048584044,0.03973429,0.08783288,0.18979234,0.33547086,1.0000002,0.24811634,0.1527561,0.15493862,0.1028927,0.15156353,0.019591512,0.009043798,0.0015817629,0.094249874,0.061646797,0.008305462,-0.0012429301,0.13087054,0.12049188,0.040069744,0.07311603,-0.008131564,0.009997696,0.03631434,0.21780884,0.22420421,0.045446858,0.045115933,0.14051805,0.21659987,0.247759,0.04048748,0.057463266,0.11444628,0.114805125,0.18620548,0.02986038,0.19958498,0.22323947,0.17522633,0.1715825,0.111951835,-0.020805974,-0.025289671,-0.024542335,0.16282901,0.016398933,0.10099199,0.1448214,0.15093426,0.002530139,0.062331088,0.097308025,0.07367526,0.17931806,0.026282031,0.094367914,0.09691299,0.036476362,0.17025325,0.014330177,0.11545494,0.06378192,0.05016271,0.08821842,0.226067,0.17825489,-0.02482038,0.14462239,0.045992695,0.22012612,0.16548179,0.15546735,0.12065542,0.12883642,0.13082902,0.14090335,0.047100753,0.09066754,0.16976349,0.09546398,0.24222927,0.11949369,0.12562795,0.28126574,0.18089688,0.14548224,0.0316248,0.13847998,0.078738846,0.25746775,0.0730807,0.10884557,0.052410513,0.03555987,-0.024542335,0.1269138,-0.024542335,0.08418643,0.060484327,0.049577802,0.21132372,0.1161698,0.022150122,0.063615076,-0.021619622,0.10147943,0.06631719,0.05844326,0.021932794,0.15311854,0.1193446,0.19062237,0.13767315,-0.0013941973,0.16217658,0.09090732,-0.0043516327,0.031042956,0.02882451,-0.034585897,-0.036693353,0.081231676,0.049606413,0.273608,0.17897686,0.21086156,0.14985844,0.07014112,0.07949557,0.05712478,0.17014101,0.022990072,0.21444796,0.18026468,0.09919652,0.13276233,0.049801916,0.14766431,0.0963965,-0.01168628,0.073508024,0.079221256,0.15528455,-0.037505433,0.07571072,0.13353103,0.24349967,0.12882733,0.109107286,0.12662356,0.07455963,0.012062572,0.15989558,0.26068032,0.110869326,0.11197601,0.14485236,0.048400562,0.14766045,0.04203268,0.13356508,0.10706551,0.09292694,-0.05111271,0.012715446,0.06687331,0.016431347,0.16036674
0.26026344,0.31410274,0.14753816,0.15926403,0.24498978,0.27995723,0.3160139,0.24811634,0.9999999,0.32726145,0.44098318,0.36987436,0.4129256,0.02926616,0.17736144,0.20894971,0.013636777,0.22808231,0.18848673,0.19251418,0.52470046,0.33509883,0.33449584,0.12664169,0.2164653,0.19313101,0.14579673,0.23929653,0.16011761,0.060056947,0.07237727,0.22423711,0.43226862,0.29785192,0.20704597,-0.005673212,0.15087184,0.3485037,0.24309129,0.28578633,0.3047891,0.56094754,0.18552636,0.41169304,0.26733935,0.1634285,0.013721902,-0.10663608,0.29496855,0.017372089,0.3326203,0.36804545,0.3881026,0.19772726,0.24453685,0.109768815,0.17449583,0.23631328,0.22162145,-0.013963733,0.072842985,-0.023792563,0.11815412,0.1702739,0.041239854,0.1697028,0.22553267,0.20837578,-0.041526202,0.061924946,0.14423618,-0.053100985,0.0724476,0.2609777,0.36762524,0.07803477,0.36666802,0.16820246,0.16774851,0.15971105,0.015014159,0.0799265,0.2008292,0.20263101,0.3464739,0.16258991,0.38647643,0.09781224,0.30304688,0.13766958,0.20856878,0.2441377,0.27054456,0.09976664,0.14829926,-0.047312148,0.10616178,0.33992842,-0.10663608,0.039325133,-0.10663608,0.12818,-0.029396739,0.0047882367,-0.024209306,0.024896223,0.057241768,0.13149543,0.18845204,0.11191515,0.028584765,0.13697198,0.18993346,0.09627924,0.0070429742,0.23982486,0.11137038,0.18628798,0.26388216,0.031748436,0.13760723,0.298955,0.16649352,0.16698653,0.15873516,0.0466733,0.33132172,0.35910085,0.3168788,0.18756795,0.118701294,0.18022594,0.2338165,0.19548802,0.15520892,0.02091241,0.25257438,0.20306793,0.059366375,0.18426172,0.1097574,0.14797516,0.054291964,0.015353264,-0.010457842,0.42638057,0.27043882,0.07343081,0.08879376,0.18780823,0.08989409,0.14561632,0.2035005,0.0814581,0.038381115,0.2794336,0.013532504,0.22051805,0.37848836,0.24473554,0.2161409,0.32323343,0.091742605,0.085896574,0.116333045,0.21348345,0.18434179,0.01759167,0.13664946,0.068130225,0.011435356,0.13878739
0.105297364,0.15946221,0.24529251,-0.05125893,0.108897686,0.30064166,0.28611025,0.1527561,0.32726145,1.0,0.19739193,0.30189013,0.14886564,0.08844671,0.050166853,0.12284745,0.07719015,0.20727757,0.23958758,0.21237262,0.27133095,0.24398576,0.16556317,0.06062372,0.11223275,0.17732686,0.071637966,0.16483292,0.21159188,0.069359004,0.107151404,0.26533988,0.29028368,0.11014665,0.13987459,0.059897304,0.063100815,0.17546952,0.1561428,0.07274262,0.117475644,0.14865135,0.1387342,0.22107796,0.09410787,0.14217596,0.042216998,0.019642042,0.2534843,0.012519607,0.13885663,0.23484963,0.19021688,0.080323786,0.13653524,0.14467001,0.14383611,0.1569641,0.12845902,0.07923272,0.027891323,-0.031662073,0.09002333,0.05765789,0.072766915,0.085402206,0.07367236,0.19594732,0.02775557,0.058700606,0.056374714,-0.014333472,0.118908755,0.09422972,0.16985083,0.070072815,0.06483491,0.16062653,0.15415458,0.30234098,0.12219517,0.09047771,0.13363875,0.104657345,0.23530477,0.23563422,0.16303544,0.22857481,0.2172685,0.19235052,-0.08597392,0.2786389,0.11485553,0.11660602,0.08743975,-0.04825779,0.08480741,0.15208304,0.019642042,0.06541429,0.019642042,0.09462564,0.07349221,0.047738522,-0.036819518,0.084407195,0.07386652,0.18444473,0.096751995,0.02929341,0.016759958,0.07529158,0.14617243,0.095958136,0.048185557,0.13170767,0.15510194,0.058192026,0.17397182,0.06945792,-0.05031905,0.14743377,0.15258437,0.018072229,0.0067561073,0.09224575,0.1170238,0.21547845,0.37990552,0.20984972,0.2100341,0.27732867,0.34111995,0.09284628,0.15871938,0.09154498,0.25976446,0.19121666,0.0063775643,0.13212225,0.14654408,0.032494508,-0.011350998,0.03271197,-0.02231723,0.19295046,0.09839847,0.06905701,-0.003371302,0.09831998,0.15518881,0.0998407,0.08517584,0.14964908,0.008988608,0.15240929,0.12833089,0.07217007,0.17709883,0.27339736,0.15394017,0.065673165,0.08657402,0.017767811,0.09728798,0.07568912,-0.0009127036,-0.08420037,-0.046676572,0.12155555,-0.028713642,0.021262048
0.19563639,0.19163856,0.1101779,0.20464396,0.364243,0.09927977,0.14662121,0.15493862,0.44098318,0.19739193,1.0000004,0.14560679,0.13824254,0.13693157,0.058301542,0.3193579,0.026442852,0.14293915,0.17722665,0.11441568,0.3418253,0.19399343,0.121338315,0.23981303,0.08501945,0.19433904,0.15398878,0.23239046,0.066680044,0.058908008,0.07246144,0.20143792,0.18870825,0.0810118,0.048225693,0.02212787,0.13719696,0.19549054,0.104630746,0.2097875,0.18466654,0.30509534,0.12962244,0.39344203,0.27060157,0.08883674,0.12871517,0.017397897,0.1553631,0.061832204,0.13017467,0.28974843,0.23390159,0.22866386,0.35423362,0.3927474,0.16821963,0.10733435,0.029207194,0.07714905,0.09226225,0.0005889628,0.038025867,0.020273669,0.14545193,0.1447991,0.045567196,0.12254675,0.13575466,0.075533785,0.102338895,-0.030176694,0.057717253,0.17071983,0.14293303,0.048158202,0.31763548,0.04066907,0.016412087,0.20602077,0.009877766,0.13980536,0.22863728,0.14445122,0.27378285,0.20653585,0.304596,0.09709487,0.38710004,0.13816868,0.20813046,0.15215842,0.14283703,0.09087433,0.094898805,-0.021056708,0.049150404,0.27054888,0.017397897,0.09876662,0.017397897,0.12565656,0.09126957,0.001284644,0.12876512,0.19911578,0.16853401,0.0915579,0.09629373,0.0805845,0.044873115,0.029430196,0.101714656,0.19388801,0.079020716,0.1421983,0.20146376,0.017942922,0.1766149,0.022947691,0.15226711,0.23430212,0.11644685,0.12419781,0.13777937,0.17008348,0.23241647,0.2531923,0.2807235,0.13963252,0.11354853,0.092836805,0.09889112,0.27987233,0.14800958,0.0082926545,0.15648937,0.15612802,0.021136826,0.1380087,0.1358188,0.053567894,0.11312643,0.035595328,0.055142514,0.37037414,0.34942058,-0.004939751,0.11115501,0.32851073,0.13483262,0.08061303,0.059674557,0.07986756,0.10113105,0.13662592,0.07054923,0.15976223,0.28436434,0.2031028,0.1064188,0.21465182,0.042610936,0.06716318,0.21724509,0.10341804,0.050630055,-0.087813675,0.1938548,0.04474795,-0.015014331,0.09444138
0.19852337,0.27812967,0.19572645,0.18334267,0.10549635,0.3045486,0.4144709,0.1028927,0.36987436,0.30189013,0.14560679,1.0,0.3038932,0.16578454,0.2366483,0.19906637,-0.064034894,0.097521126,0.13520567,0.1935125,0.43107122,0.30811036,0.21937099,0.045111433,0.13470829,0.2036,0.19835937,0.2960117,0.14409892,0.009523543,0.012388743,0.14269775,0.40699154,0.31431568,0.15959714,-0.055048257,0.20005025,0.3011,0.25296676,0.22285311,0.22098966,0.13590568,0.12655635,0.126217,0.1735627,0.07231386,0.08600793,-0.123783566,0.2898402,-0.0012063354,0.34796077,0.3960624,0.37340292,0.21856996,0.11558072,0.09831081,0.16986027,0.20791394,0.051285185,0.042875193,0.008424141,0.091849096,0.017961584,0.10336815,-0.08361724,0.32683674,0.20821288,0.16795039,-0.0069681928,0.024830999,0.14349449,-0.024950674,0.10222201,0.106391095,0.21143308,0.2510919,0.17449453,0.15286963,0.15786803,0.1904001,0.10410428,0.18512349,0.24348697,0.18233335,0.25965843,0.109295964,0.115804605,0.14676583,0.0917434,0.2983868,-0.0329449,0.36047873,0.019225055,0.033708185,0.0061455164,-0.0041028624,0.09417994,0.09955993,-0.123783566,0.037749056,-0.123783566,0.122150004,0.046391964,0.05208017,0.035722867,0.025705991,0.041311603,0.16694435,0.14072303,0.17819552,0.04946738,0.11314467,0.09538985,0.06193118,0.046754073,0.12784225,0.13647535,0.14234152,0.19793387,0.25885016,0.04913274,0.11371035,0.22213691,0.0769815,0.04654266,-0.0017412473,0.1937922,0.17709078,0.20889841,0.04825806,0.050537664,0.106236234,0.12123772,0.07504695,0.18195811,-0.002903381,0.079359986,0.14115483,0.08177788,0.22504425,0.17599532,0.21998179,0.011298061,0.002907914,0.008532375,0.16330618,0.03371586,0.053203948,0.09224407,0.13720019,0.04378104,0.145986,0.15947281,0.19299664,0.021349963,0.23813362,0.026943697,0.18337557,0.22123463,0.33457693,0.20417657,0.14649886,0.0846971,0.116139725,0.15131752,0.32156172,0.14405385,0.047279097,-0.06227746,0.04060749,0.09253632,0.109086186
0.31127328,0.40677676,0.34643263,0.28101227,0.32239902,0.35633293,0.26847377,0.15156353,0.4129256,0.14886564,0.13824254,0.3038932,0.9999999,0.27832437,0.29181623,0.178148,0.10966258,0.121322274,0.19983837,0.23266509,0.4553883,0.2816653,0.3362422,0.16274044,0.37543222,0.41047993,0.24646652,0.22345424,0.18896447,0.13724582,0.12576693,0.09472546,0.32385096,0.42875078,0.42806724,0.14538568,0.27845374,0.19186294,0.2567419,0.19712865,0.31619984,0.2194361,0.07428604,0.16514443,0.22349326,0.18356644,0.11808153,0.0060415044,0.20757909,0.13602209,0.35621107,0.22968015,0.4247036,0.35544547,0.45140398,0.25536743,0.23078331,0.2612048,0.19689667,0.13000558,0.0564052,0.12556742,0.17930801,0.16675629,0.3327404,0.35595715,0.24819738,0.18683003,0.087373346,0.07422674,0.2992673,0.15384087,0.1309531,0.30273318,0.35757744,-0.012838351,0.19963326,0.36690223,0.03291602,0.13615707,0.23192981,0.20774367,0.36301905,0.31996974,0.12611479,0.1958518,0.11799328,0.09343244,0.08617445,0.20989387,0.1669185,0.30781096,0.31017834,0.017324502,0.2818746,0.22987692,0.20577005,0.19196841,0.0060415044,0.056976717,0.0060415044,0.12793046,0.054029018,0.080522135,0.04759176,0.02142993,0.17186917,0.16669849,0.22858599,0.21898982,0.14688236,0.12134053,0.105720334,0.14331952,0.069984436,0.14134523,0.14222607,0.20248398,0.25682566,0.18254209,0.30351698,0.14059253,0.2581576,0.061355725,0.22448602,-0.044006236,0.3885594,0.1851554,0.09621827,0.10271704,0.069383055,0.14622697,0.15946333,0.14097133,0.17576216,0.13551663,0.22985303,0.21916658,0.14048837,0.113960706,0.09246527,0.2655034,0.06793063,0.012757781,0.119905,0.35549608,0.39977723,0.092595935,0.124515906,0.10827862,0.12272968,0.13744406,0.25062346,0.23125863,0.09577128,0.26277095,0.09323763,0.23690769,0.25093508,0.22987011,0.22243612,0.33339188,0.22267173,0.16448915,0.19220525,0.39624226,0.3086677,0.08145798,0.030413091,0.12954706,0.106264755,0.28081027
0.024870936,-0.011629531,0.5808799,0.28685796,0.12338116,0.06290593,0.038106948,0.019591512,0.02926616,0.08844671,0.13693157,0.16578454,0.27832437,1.0000002,0.20045558,0.05242908,0.0554891,0.047793295,0.095345184,0.22004163,0.16968067,0.10134694,0.14983252,0.100141644,0.25235435,0.26357758,0.15353934,0.1332801,0.12947647,0.03686666,0.03741785,0.06435713,0.06485103,0.05833565,0.14753522,0.16846412,0.0876669,0.19187225,0.059509255,0.15562393,0.1435648,0.091734834,0.040796265,0.13826929,0.27371636,0.16201909,0.34327662,-0.030316371,0.2915489,0.22840399,0.056071553,0.2475492,0.006167772,0.12362158,0.2025691,0.20932451,0.15491377,0.015092247,-0.0037175864,0.08545311,0.052482948,0.06716753,0.14161776,-0.004002122,0.14218733,0.26522523,0.33479398,0.18025517,0.14852476,0.17650266,0.09818059,0.10104848,0.053634368,-0.012902215,0.062967226,0.09123062,0.014141224,0.07618266,0.091067806,0.43260676,0.3229097,0.30461216,0.26325762,0.010990841,0.14085239,-0.0027100258,0.07524185,0.17364004,0.294673,0.13590609,0.0030676099,0.1225204,0.15902711,0.12121964,0.08439944,0.24971727,0.28320307,0.22923097,-0.030316371,0.05033458,-0.030316371,0.07872433,0.23619117,0.07058138,0.09994949,0.17707288,0.15187272,0.3184829,0.106986225,0.20378023,0.20536147,0.25669366,0.15717757,0.07383153,0.14058201,0.0017744876,0.19813204,0.066088244,0.17504889,0.050097656,0.18197098,-0.025337115,0.38608056,0.252937,0.25203568,-0.055994686,0.027697813,0.035088975,0.1426045,-0.004753352,0.043880586,0.078172654,0.22721837,0.09538945,0.1621244,0.10630615,0.18923901,0.08817492,0.030772772,0.037039604,0.13639648,0.12495396,0.2624656,0.034921203,0.16853635,0.12972668,0.19814497,0.003918184,0.09592909,0.32533512,0.09645344,0.27800676,0.20708258,0.29024208,0.24859396,0.12526096,0.13864064,0.05562861,0.049531147,-0.036891118,0.056250334,-0.009050223,0.08441539,0.12928198,0.13706833,0.16871797,-0.006948393,0.1456615,0.056836307,0.08382468,0.03257844,0.10626677
0.10581994,0.19777922,0.27448878,0.40630645,0.07400534,0.21110639,0.11414371,0.009043798,0.17736144,0.050166853,0.058301542,0.2366483,0.29181623,0.20045558,0.99999994,-0.023087796,0.33918813,0.16382992,0.22707741,0.47774228,0.2542903,0.19528382,0.21906109,0.2635059,0.36113715,0.40541434,0.54644054,0.10495545,0.053432055,0.1764832,0.22853616,0.12627839,0.0613057,0.28274104,0.38082576,0.2978171,0.17263603,0.21588917,0.21139884,0.34670672,0.15555374,0.1351601,-0.017087685,0.16588189,0.14446354,0.33429903,0.16140577,0.008468749,0.407897,0.3358652,0.025039257,0.19952554,0.25670987,0.37517613,0.2684356,0.08670238,0.2242307,0.17305106,0.18413523,0.09246673,0.16169366,0.21937037,0.21860276,0.23431692,0.18404625,0.34520295,0.3792996,0.30586028,0.20363161,0.11261831,0.3795612,-0.06564238,0.07713689,0.2278074,0.1343323,0.007737438,0.11226608,0.08380529,0.08685699,0.21501814,0.30318028,0.3689877,0.32875147,0.1228815,0.14927526,0.093267925,0.02412349,0.050558165,0.06877347,0.11522264,0.022292078,0.13735273,0.05959478,0.19372028,0.26089555,0.19902346,0.31506175,0.111181185,0.008468749,0.09764397,0.008468749,0.17233303,0.17233226,0.18815173,0.15603188,0.24286447,0.0674752,0.29419455,0.31792578,0.28633097,0.14295943,0.2923094,0.24263531,0.043972455,0.2747204,0.1893155,0.2767017,0.3569345,0.18947592,0.123214215,0.16185588,-0.007859657,0.16698943,0.27598178,0.22384126,-0.05493904,0.18686873,-0.052904047,-0.0014115311,-0.04703744,0.11218323,-0.085535556,0.115935,-0.009971581,0.23208795,0.21149924,0.002385689,0.0539164,0.07573234,0.09269224,0.10371497,0.30253637,0.06313282,-0.093052045,0.20513086,0.15068826,0.028821083,-0.029430207,0.034783203,0.19076154,0.08540545,0.15901294,0.31167698,0.24492846,0.246555,0.36330768,0.11242427,0.19478264,0.21448399,0.11934862,0.123348035,0.15679903,0.1298318,0.13712484,0.14396326,0.2126545,0.33553886,0.23672955,0.12756608,0.22540562,0.18816374,0.22029565
0.33836824,0.1885665,0.2354511,0.04832997,0.23424405,0.115592495,0.14276655,0.0015817629,0.20894971,0.12284745,0.3193579,0.19906637,0.178148,0.05242908,-0.023087796,1.0000001,0.07425204,0.1034098,0.16351506,0.02366107,0.23977531,0.16781084,0.18943666,0.3088345,0.13193491,0.23551062,0.06059505,0.23366667,0.08616474,0.11188524,0.112331346,0.28833634,0.39126313,0.20226434,0.014030514,0.061772093,0.24964306,0.099717006,0.08496643,0.07502286,0.16350332,0.10398381,0.14077568,0.059345447,0.11837305,0.06933159,0.044668682,0.104461156,0.08561901,0.07004882,0.22336286,0.17104696,0.26005596,0.12109296,0.15757295,0.32532257,-0.013971027,0.08710927,0.1421972,0.14078677,-0.08290768,0.0421904,0.00574758,0.19914852,0.06055206,0.20244224,0.027988385,-0.012308298,0.066080146,-0.007943431,0.06888818,-0.0018390883,0.14758164,0.13287325,0.085970335,0.23147027,0.08309095,0.1608766,0.2067681,0.033749506,0.021345666,-0.026914835,0.12560216,0.12248605,0.042647023,0.16181748,0.24672198,-0.093500376,-0.029439637,0.09843311,0.23852459,0.19422323,0.096967,0.043002974,0.05739492,-0.012874405,-0.089527026,0.040516175,0.104461156,0.15717882,0.104461156,0.025102718,0.03886382,0.015477821,0.060044523,-0.039358016,0.20784652,-0.06705887,-0.007370713,0.052853182,0.06487107,-0.04857257,0.0372993,0.27280787,0.050970916,0.06426965,-0.028067647,0.0071043056,0.07151236,0.15861696,0.32201886,0.21702322,-0.037919514,-0.016550811,0.16711825,0.092452765,0.16363198,0.08144437,0.07357913,0.14472334,0.15161724,0.24570045,0.07596668,0.05430251,0.17134517,0.009733952,0.055774424,0.09348005,0.12798779,0.07495881,0.036423434,0.0048272405,0.047504615,0.08540109,0.053068716,0.116143525,0.15738446,0.035593733,0.14786321,-0.009510595,0.05416686,0.1915973,-0.07364573,0.035692498,-0.04316269,-0.042322204,0.028825853,0.09154054,0.109335355,0.22868866,0.16455342,0.09781693,0.081276774,0.044582687,0.19335356,0.15705062,0.0149065275,0.0026786625,0.16702628,-0.04866702,0.04133781,-0.013885202
0.07988861,0.02388011,0.22515197,0.16883455,-0.006616729,0.074031636,0.03880331,0.094249874,0.013636777,0.07719015,0.026442852,-0.064034894,0.10966258,0.0554891,0.33918813,0.07425204,0.9999999,0.17335747,0.38052055,0.1446079,-0.016433358,0.03447822,0.19599974,0.35797602,0.40246478,0.32170135,0.26979184,0.041959327,0.035203528,0.36820126,0.2650723,0.20947751,0.0042002536,0.3128841,0.108194575,0.18889408,0.02556289,0.19576219,0.102176376,0.18620197,0.043606117,0.06875717,0.17522015,-0.022275602,0.22034544,0.3633516,0.10575968,0.22924617,0.19839038,0.35174945,0.0021990167,0.055275656,0.06996552,0.20474052,0.216892,0.14705071,0.17701331,0.18484586,0.16045682,0.15863171,0.17873654,0.18016382,0.19399372,0.17653519,0.2098379,0.035292268,0.044667367,0.13904253,0.1731188,0.11253771,0.18112418,0.02007337,0.07699956,0.12751569,0.014498334,0.12084212,0.08318578,0.014787875,0.18120867,-0.018388696,0.33971033,0.1396833,-0.0058507733,0.11560592,-0.009798404,0.064886354,0.06192255,0.08221014,0.033106968,-0.021267973,0.044294946,0.09232127,0.20510967,0.21160403,0.32607824,0.2804492,0.28558388,0.22900495,0.22924617,0.1660335,0.22924617,0.062334057,0.20608512,0.35156816,0.064928584,0.20186763,0.2649419,0.27884626,0.20501913,0.27522293,0.23758982,0.30118752,0.14747417,0.3182535,0.32920405,0.026254982,0.11169524,0.13864435,-0.033645608,0.110523224,0.2080687,0.0743717,0.13024937,0.16459803,0.20213269,0.040862188,0.06286149,-0.019204088,-0.013337042,0.067223825,0.14508218,-0.04765214,0.093647726,-0.055324525,0.07659785,0.38279536,0.17721999,0.25952813,0.040989242,0.049228057,0.17700393,0.20313928,0.1369398,0.123221986,0.20588261,0.2621369,0.087435216,0.016696595,0.12704583,0.09567356,0.13251626,0.106007546,0.06460271,0.038308904,0.13636371,0.14435731,0.16803469,0.17848167,0.0046479926,0.018052414,0.11171588,0.09045466,0.22138278,0.28187552,0.17959356,0.016315829,0.1158171,0.020860111,0.103766635,0.21628517,0.17229603,0.16947639
0.11680026,0.07616655,0.066912904,0.30190614,0.024296455,0.27219936,0.12612274,0.061646797,0.22808231,0.20727757,0.14293915,0.097521126,0.121322274,0.047793295,0.16382992,0.1034098,0.17335747,1.0000002,0.15110049,0.20152044,0.06511344,0.0929925,0.25279474,0.15367368,0.14071956,0.18046169,0.13138995,0.17312668,0.10923652,0.5045561,0.5873695,0.24128237,0.06917718,0.23829734,0.07171479,0.31970817,0.17615484,0.26376507,0.19785284,0.1549973,0.10912439,0.21486002,0.17791754,0.0891934,0.30859172,0.5105355,0.095326,0.40634227,0.081918426,0.3351718,0.12130892,0.18046373,0.1455811,0.11437462,0.08074847,0.17018741,0.2111575,0.18991517,0.1672369,0.26912212,0.09065177,0.18622296,0.22792432,0.2558497,0.099948086,0.031497773,0.13321097,0.07916708,0.14567298,0.21267885,0.20611015,0.2583291,0.21115169,0.20178038,0.08606157,0.03884338,0.11712247,0.14344025,0.13581294,0.11337922,0.20852771,0.1654042,0.051019326,0.2220507,0.0771912,0.15249698,0.09260264,-0.01288985,0.12862533,-0.0013660672,0.045426607,0.09555943,0.11912866,0.28574696,0.200997,0.077379555,0.17504002,0.20764077,0.40634227,0.4120512,0.40634227,0.3982256,0.2560775,0.12832657,-0.050691918,0.24870616,0.18878846,0.32312533,0.104097456,0.21373452,0.24256751,0.060498714,0.28671902,0.23642099,0.11203468,0.17212622,0.13745677,-0.015990932,0.18595392,0.11569944,0.25132328,0.07129601,0.13126251,0.15693197,0.35766006,0.10511017,0.14058878,0.073878735,0.14357536,0.17145501,0.071546346,0.07299228,0.08758819,0.078382105,0.06022942,0.21210012,0.2678401,0.23671019,0.15850766,0.11149941,0.046065383,0.21286236,0.12002075,0.2634497,0.28898078,0.09477866,0.12789464,0.102630444,0.066478446,0.06550554,0.11484954,0.0919877,0.013139988,0.1132394,0.0041684294,0.11450323,0.08926088,0.13004416,0.061061956,0.13000812,0.10656752,0.091333926,0.26016688,0.22947122,0.26194257,0.05968981,0.14220487,0.10385633,0.066899925,0.15361798,0.20121804,0.19604303
0.24523115,0.15656333,0.4192642,0.21105944,0.21313357,0.16831395,0.17026033,0.008305462,0.18848673,0.23958758,0.17722665,0.13520567,0.19983837,0.095345184,0.22707741,0.16351506,0.38052055,0.15110049,1.0,0.13185506,0.22631392,0.17733878,0.22311749,0.082642265,0.33629036,0.42240554,0.16220213,0.24495539,0.10852885,0.18902794,0.1531156,0.30476952,0.14813906,0.34725833,0.10310962,0.28349334,0.2025454,0.3601637,0.21804571,0.16173872,0.1313086,0.0676161,0.100844175,0.07392541,0.29693902,0.17847109,-0.008659572,-0.008513503,0.14260666,0.09967641,0.15311992,0.16197689,0.1962975,0.24923211,0.42233333,0.33136064,0.30007735,0.09635755,0.26081583,0.28480822,0.18413723,0.113027856,0.15710978,0.25817236,0.27340028,0.17776828,0.21746661,0.17522621,0.15608253,0.116913065,0.1269302,0.061053287,0.18494247,0.14007896,0.17948744,0.23555803,0.14209785,0.051011696,0.22887175,0.14007702,0.24752998,0.019626113,0.051998902,0.19168879,0.14294562,0.17000288,0.19188753,0.109327696,0.16393757,0.15198517,0.0741525,0.2564594,0.2353968,0.17013977,0.33868265,0.06883713,0.25581095,0.3854884,-0.008513503,0.09868994,-0.008513503,0.053513587,0.15777291,0.2723427,0.09240817,0.18378381,0.3669484,0.110799946,0.1467624,0.17924523,0.1303323,0.16207296,0.15267439,0.37092158,0.27655336,0.074472286,0.073585324,0.15046874,0.10160831,0.1557244,0.16057417,0.2369651,0.080655016,0.11309083,0.08130592,0.12761694,0.076574154,0.13479406,0.15787949,0.048698656,0.066183925,0.13292877,0.19949687,0.111188546,0.11049516,0.29475486,0.172238,0.22948116,0.06919773,0.18433514,0.25168642,0.07180804,0.06770479,-0.039343726,0.1448685,0.38339305,0.10942417,-0.116665125,0.10877153,0.023186954,0.16442889,0.12655357,0.00073797395,0.014538234,-0.00834805,0.097810656,0.21968694,0.20796555,0.21048497,0.27040473,0.2615055,0.1745549,0.14201765,0.21117078,0.1606728,0.07994932,0.032653183,0.05324997,0.068069324,0.18481082,0.12939833,0.20167013
-0.011746895,0.15238681,0.2927827,0.35314772,0.04180675,0.23419502,0.062919974,-0.0012429301,0.19251418,0.21237262,0.11441568,0.1935125,0.23266509,0.22004163,0.47774228,0.02366107,0.1446079,0.20152044,0.13185506,0.9999999,0.21550252,0.112249315,0.29481724,0.19418314,0.3546337,0.35459772,0.40158954,0.026133092,-0.02902901,0.15500337,0.2058323,0.05962958,0.13385905,0.28190625,0.3854074,0.2372838,0.09607975,0.16682816,0.12717423,0.27005184,0.06821564,0.05627912,-0.015669726,0.1737867,0.24516854,0.32265642,0.3080517,-0.05878643,0.21023162,0.35444114,0.029935561,0.07811911,0.16993773,0.43322256,0.24779588,0.15551126,0.30483004,0.3202933,0.27239904,0.22477734,0.19336209,0.21794279,0.36446366,0.261043,0.18704097,0.22148001,0.3184508,0.08658011,0.08263454,0.1391777,0.38528726,-0.03546077,0.1310462,0.077110365,0.06415543,-0.03270921,0.015747579,0.11241232,0.0019573178,0.2174861,0.29921362,0.3751486,0.18511626,0.050504547,0.012015764,0.012161061,0.002204685,0.08902852,0.18036881,0.12990093,0.040487975,0.1231047,0.2305123,0.1600666,0.15402171,0.12241353,0.4087051,0.19250263,-0.05878643,0.12626912,-0.05878643,0.17828457,0.24373333,0.2019411,0.011617048,0.30899435,0.09676394,0.34345558,0.3195167,0.28843406,0.20320275,0.30800205,0.2664294,0.14435294,0.13130197,0.28348798,0.31165978,0.22295405,0.19330372,0.12456832,0.20034456,0.0072639044,0.35763496,0.26965988,0.23521298,0.049716823,0.14387341,-0.069933675,0.13047142,0.036179904,0.07765724,0.017492075,0.17390761,0.0029414762,0.2308845,0.18858282,0.12931316,0.08824721,0.061225295,0.09403111,0.19413446,0.25313568,0.024496198,-0.008900879,0.18576524,0.110445574,0.18179162,0.0795959,0.0013861115,0.085294455,-0.026372917,0.03851576,0.2823373,0.25202742,0.06826082,0.29829773,0.12912521,0.107678175,0.060026694,0.09992143,0.044895638,0.23512289,0.2933346,0.20072207,0.35270038,0.057753034,0.34503326,0.2058934,0.0653108,0.18415609,0.23268479,0.3246158
